7613-A1 7613-A10 7613-A11 7613-A12 7613-A2 7613-A3 7613-A4 7613-A5 7613-A6 7613-A7 7613-A8 7613-A9 7613-B1 7613-B10 7613-B11 7613-B12 7613-B2 7613-B3 7613-B4 7613-B5 7613-B6 7613-B7 7613-B8 7613-B9 7613-C1 7613-C10 7613-C11 7613-C12 7613-C2 7613-C3 7613-C4 7613-C5 7613-C6 7613-C7 7613-C8 7613-C9 7613-D1 7613-D10 7613-D11 7613-D12 7613-D2 7613-D3 7613-D4 7613-D5 7613-D6 7613-D7 7613-D9 7613-E1 7613-E10 7613-E11 7613-E12 7613-E2 7613-E3 7613-E4 7613-E5 7613-E6 7613-E7 7613-E8 7613-E9 7613-F1 7613-F10 7613-F11 7613-F12 7613-F2 7613-F3 7613-F4 7613-F5 7613-F6 7613-F7 7613-F8 7613-F9 7613-G1 7613-G10 7613-G11 7613-G12 7613-G2 7613-G3 7613-G4 7613-G5 7613-G6 7613-G7 7613-G8 7613-G9 7613-H1 7613-H10 7613-H11 7613-H12 7613-H2 7613-H3 7613-H4 7613-H5 7613-H6 7613-H7 7613-H8 7613-H9 7881-A10 7881-A11 7881-A4 7881-A5 7881-A6 7881-A8 7881-A9 7881-B10 7881-B11 7881-B4 7881-B5 7881-B6 7881-B7 7881-B8 7881-B9 7881-C10 7881-C11 7881-C4 7881-C5 7881-C6 7881-C7 7881-C8 7881-C9 7881-D10 7881-D11 7881-D4 7881-D5 7881-D6 7881-D7 7881-D8 7881-D9 7881-E10 7881-E11 7881-E4 7881-E5 7881-E6 7881-E7 7881-E8 7881-E9 7881-F10 7881-F11 7881-F4 7881-F5 7881-F6 7881-F7 7881-F8 7881-F9 7881-G10 7881-G11 7881-G4 7881-G5 7881-G6 7881-G7 7881-G8 7881-G9 7881-H10 7881-H3 7881-H4 7881-H5 7881-H6 7881-H7 7881-H8 7881-H9
7613-A1 0 1259 1349 1288 1342 1306 1331 1190 1281 1255 1479 1349 1226 1324 1341 4271 1285 1416 1233 1184 1253 1297 1331 1310 1339 2516 1295 1315 1291 1499 1250 1219 1232 1346 1338 1309 1217 1356 1398 1220 1624 3538 1194 1317 1302 1296 1214 1348 1349 1245 1331 1296 1269 1198 1276 1207 1212 1294 1202 1391 1333 1316 1215 1327 1394 1276 1240 1207 1386 1327 1168 1150 1467 1280 1362 1182 1414 1295 1210 1268 1237 1373 1271 1403 1207 1277 1381 1224 1502 1291 1224 1296 2270 1325 1249 4641 1357 1386 1345 1264 1263 1160 1239 1197 1292 1298 1376 1324 1274 1143 1330 1315 1595 3591 1264 1572 1294 1219 3948 1307 1235 1234 1510 1408 1291 1185 1207 1305 1191 1447 1287 1447 1389 1217 1485 1365 1272 1289 1231 1292 1193 1303 1279 1376 1409 1246 1374 1278 1224 1576 1502 2423 1322 6758 1457 1459 1345 1225
7613-A10 1259 0 1472 1323 1227 1313 1424 1225 1258 1248 1344 1284 1251 1221 1242 4306 1280 1359 1266 1185 1120 1228 1304 1297 1292 2447 1216 1312 1300 1342 1317 1326 1291 1333 1297 1270 1220 1313 1473 1307 1541 3435 1289 1306 1279 1273 1197 1345 1296 1314 1310 1313 1216 1167 1157 1170 1177 1147 1125 1314 1334 1333 1240 1340 1451 1295 1249 1216 1303 1270 1111 1295 1448 1331 1321 1281 1367 1310 1305 1221 1290 1254 1202 1478 1276 1350 1294 1285 1467 1340 1251 1389 2147 1344 1272 4702 1304 1307 1344 1279 1290 1127 1202 1222 1281 1335 1381 1217 1281 1200 1369 1338 1470 3476 1285 1545 1323 1116 3935 1262 1290 1275 1405 1499 1352 1142 1260 1356 1328 1340 1388 1378 1434 1298 1436 1352 1289 1380 1242 1371 1350 1232 1294 1287 1496 1227 1381 1225 1197 1489 1375 2318 1395 6741 1426 1358 1268 1256
7613-A11 1349 1472 0 1371 1297 1415 1498 1197 1300 1304 1376 1350 1305 1359 1416 4210 1380 1463 1266 1233 1306 1340 1380 1425 1422 2573 1252 1362 1388 1422 1261 1204 1293 1375 1347 1392 1286 1289 1501 1313 1735 3657 1257 1256 1419 1291 1229 1275 1358 1330 1288 1343 1164 1299 1325 1346 1353 1283 1293 1432 1326 1357 1298 1392 1359 1313 1273 1234 1401 1294 1263 1371 1366 1353 1251 1427 1361 1294 1263 1335 1270 1412 1236 1426 1348 1334 1442 1371 1481 1348 1239 1381 2295 1404 1324 4764 1300 1375 1320 1341 1342 1329 1296 1304 1391 1235 1475 1303 1355 1282 1313 1404 1566 3508 1287 1463 1307 1230 4003 1302 1368 1259 1553 1425 1392 1192 1276 1290 1322 1456 1364 1452 1396 1316 1498 1330 1303 1366 1342 1323 1296 1258 1262 1377 1416 1313 1421 1223 1255 1667 1555 2332 1379 6721 1464 1402 1320 1372
7613-A12 1288 1323 1371 0 1206 1378 1443 1154 1281 1341 1387 1383 1270 1370 1241 4293 1421 1326 1343 1210 1199 1347 1343 1340 1389 2528 1319 1373 1255 1403 1294 1257 1300 1372 1308 1313 1257 1282 1492 1210 1648 3574 1252 1237 1346 1224 1182 1364 1289 1297 1231 1430 1247 1268 1254 1353 1296 1268 1218 1529 1347 1308 1213 1225 1446 1348 1300 1229 1424 1275 1250 1376 1355 1336 1250 1338 1316 1389 1252 1292 1333 1425 1229 1391 1249 1375 1407 1330 1452 1305 1304 1402 2292 1305 1311 4665 1299 1308 1351 1370 1209 1218 1253 1325 1304 1324 1368 1358 1348 1271 1232 1375 1603 3615 1318 1650 1308 1185 3988 1307 1209 1294 1582 1292 1321 1171 1319 1339 1269 1449 1451 1313 1431 1275 1537 1347 1238 1335 1203 1296 1331 1379 1251 1406 1405 1208 1354 1288 1182 1654 1530 2347 1380 6614 1387 1419 1347 1263
7613-A2 1342 1227 1297 1206 0 1378 1463 1126 1223 1275 1321 1337 1188 1192 1271 4249 1379 1302 1253 1124 1181 1263 1315 1276 1335 2420 1259 1253 1283 1255 1250 1247 1156 1254 1192 1239 1205 1204 1410 1190 1610 3500 1246 1247 1342 1180 1114 1194 1255 1297 1191 1338 1245 1150 1156 1259 1218 1208 1246 1313 1227 1310 1251 1223 1366 1284 1230 1239 1280 1235 1146 1264 1315 1336 1254 1298 1246 1377 1180 1288 1293 1291 1191 1377 1227 1385 1373 1354 1470 1209 1108 1294 2202 1351 1187 4711 1225 1262 1277 1244 1163 1184 1247 1201 1306 1202 1304 1246 1248 1187 1276 1309 1523 3577 1234 1560 1246 1121 3940 1229 1227 1236 1410 1444 1349 1177 1263 1295 1249 1351 1423 1267 1415 1159 1471 1305 1200 1341 1249 1214 1255 1219 1209 1336 1411 1240 1280 1290 1134 1576 1440 2315 1354 6648 1381 1383 1271 1267
7613-A3 1306 1313 1415 1378 1378 0 1497 1296 1339 1359 1465 1337 1288 1356 1411 4371 1331 1452 1381 1282 1279 1325 1447 1456 1353 2662 1393 1449 1291 1479 1340 1373 1370 1366 1408 1373 1289 1490 1552 1324 1600 3518 1382 1319 1404 1386 1276 1252 1365 1401 1373 1304 1317 1242 1292 1251 1240 1202 1246 1327 1459 1434 1321 1395 1416 1358 1186 1343 1428 1445 1304 1358 1455 1448 1390 1356 1396 1277 1358 1344 1397 1391 1265 1493 1347 1449 1501 1430 1560 1361 1318 1392 2176 1435 1317 4747 1483 1394 1399 1340 1355 1226 1427 1311 1316 1378 1544 1384 1384 1295 1398 1337 1521 3491 1366 1550 1352 1201 4026 1351 1361 1322 1458 1562 1461 1287 1279 1321 1357 1381 1401 1349 1393 1335 1441 1453 1368 1407 1329 1402 1367 1293 1393 1390 1491 1398 1418 1344 1304 1532 1416 2329 1494 6702 1567 1445 1403 1291
7613-A4 1331 1424 1498 1443 1463 1497 0 1389 1316 1350 1482 1404 1355 1437 1436 4334 1432 1569 1408 1385 1354 1314 1408 1383 1374 2711 1476 1444 1454 1634 1361 1318 1457 1377 1541 1416 1288 1405 1465 1363 1759 3649 1373 1296 1389 1329 1429 1431 1444 1480 1426 1469 1436 1371 1353 1308 1463 1453 1365 1498 1420 1435 1422 1450 1551 1383 1307 1366 1495 1532 1397 1391 1492 1445 1483 1389 1597 1378 1443 1453 1374 1544 1374 1464 1316 1514 1530 1405 1589 1476 1341 1361 2367 1510 1398 4814 1502 1537 1486 1343 1530 1317 1412 1398 1401 1457 1507 1389 1355 1298 1505 1446 1674 3704 1415 1663 1419 1392 4067 1508 1358 1421 1601 1451 1434 1364 1398 1392 1298 1464 1478 1472 1448 1432 1646 1488 1445 1428 1348 1463 1286 1462 1544 1471 1508 1397 1455 1457 1331 1731 1679 2436 1521 6779 1510 1542 1438 1430
7613-A5 1190 1225 1197 1154 1126 1296 1389 0 1207 1201 1217 1279 1154 1156 1223 4199 1255 1276 1259 1104 1169 1227 1147 1276 1315 2404 1215 1289 1265 1325 1136 1135 1170 1250 1138 1175 1177 1246 1352 1180 1568 3512 1134 1205 1208 1174 1142 1284 1199 1239 1175 1240 1091 1136 1166 1203 1150 1158 1134 1381 1179 1308 1065 1259 1308 1222 1156 1077 1210 1155 1026 1280 1289 1206 1164 1194 1230 1317 1168 1226 1243 1333 1193 1367 1099 1259 1343 1140 1380 1193 1100 1212 2176 1267 1141 4601 1307 1150 1201 1162 1191 1088 1149 1217 1216 1212 1322 1208 1292 1117 1180 1261 1525 3531 1224 1506 1148 1049 3916 1233 1195 1190 1406 1360 1217 1031 1121 1169 1217 1377 1377 1231 1309 1145 1433 1277 1142 1281 1137 1202 1205 1231 1187 1326 1423 1092 1270 1208 1196 1504 1444 2227 1236 6574 1401 1243 1287 1239
7613-A6 1281 1258 1300 1281 1223 1339 1316 1207 0 1294 1406 1278 1225 1227 1304 4314 1374 1483 1232 1213 1206 1274 1258 1339 1312 2591 1232 1318 1346 1428 1245 1172 1271 1303 1275 1310 1306 1287 1387 1269 1641 3515 1233 1200 1325 1299 1187 1309 1232 1298 1192 1325 1248 1235 1257 1208 1241 1199 1161 1342 1342 1305 1178 1274 1367 1197 1187 1192 1391 1260 1201 1213 1428 1363 1283 1297 1397 1282 1165 1221 1282 1408 1264 1362 1278 1342 1392 1331 1429 1232 1225 1375 2367 1346 1278 4700 1354 1293 1296 1251 1196 1211 1288 1200 1291 1215 1327 1229 1167 1238 1297 1296 1626 3654 1253 1621 1299 1180 3913 1282 1210 1215 1547 1369 1344 1112 1244 1238 1176 1388 1340 1354 1248 1172 1562 1378 1331 1408 1198 1335 1236 1268 1274 1305 1450 1337 1335 1301 1103 1629 1567 2350 1369 6667 1454 1464 1222 1256
7613-A7 1255 1248 1304 1341 1275 1359 1350 1201 1294 0 1400 1250 1263 1241 1262 4186 1290 1333 1222 1141 1218 1240 1246 1261 1200 2455 1344 1224 1200 1398 1209 1252 1215 1271 1241 1256 1186 1227 1447 1251 1619 3503 1207 1222 1329 1281 1161 1247 1444 1306 1350 1279 1296 1175 1109 1286 1345 1235 1229 1378 1326 1367 1320 1426 1401 1265 1229 1214 1413 1230 1213 1313 1318 1365 1313 1241 1381 1276 1273 1281 1236 1350 1150 1502 1138 1438 1316 1231 1453 1330 1169 1265 2161 1374 1388 4734 1302 1355 1426 1237 1306 1135 1254 1250 1333 1357 1343 1251 1271 1130 1421 1404 1552 3516 1267 1491 1339 1230 3965 1226 1266 1289 1341 1415 1292 1148 1280 1384 1356 1436 1458 1370 1358 1318 1382 1444 1305 1374 1294 1239 1274 1254 1288 1387 1440 1301 1337 1281 1205 1501 1467 2370 1415 6705 1370 1362 1314 1278
7613-A8 1479 1344 1376 1387 1321 1465 1482 1217 1406 1400 0 1366 1353 1323 1416 4420 1424 1413 1506 1345 1418 1462 1328 1411 1470 2683 1458 1494 1460 1404 1409 1374 1375 1377 1323 1294 1338 1477 1541 1419 1661 3469 1393 1380 1443 1311 1303 1443 1470 1434 1448 1521 1316 1301 1345 1428 1293 1235 1289 1444 1452 1499 1368 1496 1509 1363 1361 1408 1389 1418 1277 1407 1510 1443 1379 1449 1363 1366 1393 1441 1408 1466 1318 1564 1398 1520 1554 1403 1569 1380 1295 1439 2145 1392 1356 4824 1430 1459 1484 1411 1380 1427 1378 1384 1449 1429 1435 1399 1493 1372 1401 1502 1580 3528 1397 1545 1331 1402 4013 1456 1450 1419 1543 1495 1494 1434 1388 1370 1442 1498 1528 1394 1476 1374 1640 1402 1329 1494 1404 1529 1534 1350 1432 1487 1586 1379 1491 1415 1415 1639 1541 2270 1497 6775 1522 1460 1476 1434
7613-A9 1349 1284 1350 1383 1337 1337 1404 1279 1278 1250 1366 0 1263 1299 1266 4310 1408 1325 1396 1189 1274 1264 1348 1339 1292 2527 1342 1318 1300 1358 1381 1224 1209 1343 1375 1208 1250 1343 1435 1267 1573 3523 1299 1230 1305 1275 1199 1277 1348 1326 1400 1365 1246 1197 1247 1228 1275 1189 1213 1332 1366 1409 1240 1466 1451 1279 1265 1296 1335 1294 1231 1367 1446 1329 1335 1403 1397 1336 1289 1303 1296 1446 1200 1530 1210 1376 1390 1323 1477 1270 1159 1347 2219 1420 1396 4672 1370 1267 1354 1257 1272 1181 1340 1264 1349 1343 1329 1371 1301 1296 1377 1426 1568 3650 1331 1625 1329 1186 3991 1256 1366 1205 1467 1413 1400 1250 1326 1286 1306 1364 1412 1340 1374 1220 1464 1418 1293 1430 1230 1313 1298 1308 1386 1341 1474 1419 1303 1277 1215 1577 1423 2332 1453 6745 1448 1438 1314 1298
7613-B1 1226 1251 1305 1270 1188 1288 1355 1154 1225 1263 1353 1263 0 1156 1321 4251 1327 1362 1285 1142 1199 1225 1289 1262 1281 2470 1233 1257 1269 1371 1220 1151 1144 1286 1272 1183 1133 1290 1366 1246 1644 3464 1188 1151 1302 1246 1166 1290 1251 1205 1113 1324 1151 1220 1126 1215 1164 1198 1158 1333 1289 1220 1165 1343 1444 1244 1074 1201 1328 1233 1126 1240 1345 1244 1214 1288 1362 1271 1216 1192 1235 1291 1111 1303 1217 1291 1375 1284 1406 1239 1166 1270 2314 1309 1149 4641 1259 1260 1261 1216 1313 1146 1249 1159 1180 1134 1330 1314 1290 1107 1268 1255 1581 3615 1260 1580 1162 1081 3828 1271 1241 1124 1516 1286 1343 1111 1205 1241 1195 1407 1353 1373 1303 1177 1533 1267 1228 1307 1135 1238 1205 1181 1293 1216 1375 1236 1254 1238 1114 1562 1580 2329 1362 6606 1459 1375 1257 1255
7613-B10 1324 1221 1359 1370 1192 1356 1437 1156 1227 1241 1323 1299 1156 0 1299 4299 1299 1310 1275 1170 1267 1335 1251 1260 1317 2508 1185 1251 1301 1361 1362 1231 1208 1244 1248 1227 1219 1294 1346 1252 1576 3526 1286 1233 1354 1292 1182 1314 1299 1261 1197 1302 1273 1162 1250 1289 1160 1236 1122 1391 1293 1342 1237 1311 1372 1206 1216 1109 1318 1221 1130 1336 1289 1272 1334 1160 1254 1295 1250 1276 1199 1289 1213 1413 1227 1395 1369 1294 1394 1261 1114 1352 2264 1307 1193 4723 1313 1356 1305 1254 1265 1204 1307 1171 1246 1278 1290 1238 1308 1217 1340 1319 1565 3521 1376 1574 1292 1125 3992 1199 1245 1164 1564 1404 1271 1221 1233 1289 1201 1379 1457 1359 1301 1269 1497 1335 1220 1359 1305 1292 1255 1287 1275 1328 1407 1346 1268 1230 1154 1574 1490 2335 1384 6642 1419 1373 1301 1341
7613-B11 1341 1242 1416 1241 1271 1411 1436 1223 1304 1262 1416 1266 1321 1299 0 4222 1450 1387 1372 1193 1188 1312 1296 1445 1402 2591 1366 1386 1246 1338 1273 1272 1359 1329 1291 1288 1340 1337 1351 1287 1555 3575 1271 1240 1311 1381 1203 1345 1374 1366 1316 1277 1260 1125 1213 1272 1241 1295 1175 1414 1490 1439 1230 1412 1461 1289 1333 1284 1335 1288 1231 1369 1450 1309 1323 1431 1441 1342 1219 1261 1256 1436 1240 1430 1246 1450 1426 1305 1543 1308 1287 1405 2223 1354 1354 4768 1304 1305 1350 1365 1240 1207 1304 1294 1351 1303 1325 1311 1355 1194 1415 1408 1574 3590 1347 1687 1439 1168 4013 1330 1380 1237 1445 1475 1354 1202 1298 1380 1296 1344 1352 1312 1416 1178 1418 1388 1279 1458 1226 1393 1296 1318 1344 1429 1466 1375 1301 1393 1191 1631 1491 2338 1457 6769 1380 1410 1282 1284
7613-B12 4271 4306 4210 4293 4249 4371 4334 4199 4314 4186 4420 4310 4251 4299 4222 0 4372 4401 4242 4077 4218 4230 4270 4339 4366 5439 4264 4246 4280 4466 4177 4308 4305 4313 4315 4246 4234 4159 4357 4183 4661 6559 4239 4242 4355 4213 4233 4283 4296 4256 4248 4307 4220 4223 4163 4180 4295 4265 4255 4438 4256 4375 4244 4326 4475 4279 4235 4292 4401 4262 4171 4305 4358 4303 4267 4303 4337 4224 4233 4343 4256 4328 4260 4458 4256 4378 4374 4311 4487 4322 4177 4207 5165 4390 4250 7710 4346 4379 4314 4327 4238 4171 4294 4264 4333 4235 4233 4291 4329 4188 4273 4352 4562 6466 4203 4485 4299 4226 6919 4180 4200 4235 4411 4377 4288 4144 4260 4240 4248 4384 4340 4318 4330 4260 4496 4320 4193 4250 4232 4221 4322 4230 4210 4329 4362 4227 4361 4271 4257 4581 4519 5346 4233 9649 4386 4382 4214 4274
7613-B2 1285 1280 1380 1421 1379 1331 1432 1255 1374 1290 1424 1408 1327 1299 1450 4372 0 1477 1388 1231 1278 1266 1340 1401 1272 2631 1416 1436 1380 1436 1319 1252 1305 1327 1425 1414 1220 1405 1533 1389 1717 3519 1313 1262 1401 1395 1281 1271 1330 1338 1376 1345 1198 1249 1281 1276 1345 1315 1203 1346 1376 1385 1392 1444 1457 1361 1225 1298 1463 1418 1307 1329 1456 1413 1457 1355 1391 1322 1347 1397 1358 1308 1276 1504 1280 1434 1442 1425 1533 1394 1211 1325 2237 1518 1314 4782 1416 1507 1424 1291 1428 1265 1416 1312 1293 1369 1469 1325 1383 1250 1433 1394 1554 3512 1353 1507 1371 1278 3995 1488 1320 1309 1487 1425 1478 1204 1366 1374 1324 1406 1450 1452 1372 1402 1474 1456 1425 1368 1272 1383 1394 1254 1324 1377 1454 1353 1501 1323 1377 1591 1533 2426 1429 6761 1596 1452 1472 1276
7613-B3 1416 1359 1463 1326 1302 1452 1569 1276 1483 1333 1413 1325 1362 1310 1387 4401 1477 0 1401 1284 1283 1317 1411 1408 1455 2652 1431 1401 1391 1399 1358 1395 1406 1402 1338 1363 1323 1414 1556 1442 1698 3526 1304 1357 1436 1332 1286 1434 1467 1477 1405 1446 1311 1352 1330 1365 1342 1270 1276 1469 1345 1446 1289 1389 1384 1414 1310 1389 1428 1329 1320 1462 1449 1434 1364 1386 1372 1479 1442 1358 1433 1377 1387 1503 1335 1507 1499 1402 1508 1489 1272 1426 2180 1341 1313 4769 1455 1404 1529 1458 1369 1344 1315 1355 1470 1476 1444 1380 1492 1371 1524 1427 1621 3553 1374 1546 1354 1287 4044 1381 1379 1424 1548 1494 1421 1413 1429 1373 1457 1523 1599 1407 1479 1437 1515 1455 1382 1505 1433 1358 1505 1333 1373 1470 1575 1396 1414 1324 1346 1530 1560 2321 1552 6780 1465 1477 1513 1387
7613-B4 1233 1266 1266 1343 1253 1381 1408 1259 1232 1222 1506 1396 1285 1275 1372 4242 1388 1401 0 1235 1252 1240 1308 1295 1282 2565 1272 1310 1368 1470 1263 1246 1285 1339 1317 1428 1206 1235 1503 1229 1675 3531 1201 1274 1321 1247 1199 1253 1354 1262 1256 1283 1276 1233 1261 1254 1279 1337 1245 1440 1234 1411 1354 1258 1387 1207 1301 1206 1401 1300 1283 1333 1364 1337 1277 1265 1409 1344 1255 1317 1210 1422 1264 1454 1314 1348 1418 1295 1551 1250 1283 1305 2247 1376 1276 4718 1276 1417 1338 1269 1262 1175 1186 1214 1347 1157 1399 1319 1263 1186 1363 1354 1610 3548 1263 1553 1353 1188 3973 1330 1304 1313 1511 1417 1382 1244 1274 1320 1162 1400 1332 1332 1334 1338 1494 1426 1309 1302 1272 1261 1208 1336 1246 1399 1396 1305 1353 1287 1263 1593 1479 2372 1345 6673 1390 1426 1334 1286
7613-B5 1184 1185 1233 1210 1124 1282 1385 1104 1213 1141 1345 1189 1142 1170 1193 4077 1231 1284 1235 0 1119 1199 1303 1192 1183 2352 1191 1169 1185 1351 1230 1145 1114 1214 1222 1143 1113 1206 1288 1166 1502 3452 1180 1017 1182 1180 1074 1242 1183 1163 1235 1234 1135 1100 1112 1215 1120 1084 1118 1333 1187 1274 1165 1317 1366 1194 1134 1193 1306 1153 1082 1252 1305 1270 1206 1284 1272 1215 1156 1124 1235 1261 1075 1345 1135 1307 1297 1392 1490 1187 998 1202 2168 1295 1173 4649 1229 1206 1235 1276 1181 1118 1235 1157 1132 1156 1136 1194 1318 1121 1238 1241 1563 3621 1140 1502 1170 1057 3800 1165 1203 1140 1470 1326 1251 1095 1147 1251 1205 1303 1381 1279 1283 1113 1445 1201 1192 1309 1121 1200 1283 1141 1195 1250 1329 1178 1208 1184 1076 1542 1452 2355 1274 6554 1397 1361 1151 1233
7613-B6 1253 1120 1306 1199 1181 1279 1354 1169 1206 1218 1418 1274 1199 1267 1188 4218 1278 1283 1252 1119 0 1178 1308 1245 1258 2447 1272 1312 1166 1328 1197 1278 1223 1295 1245 1320 1140 1205 1419 1209 1585 3501 1169 1134 1227 1307 1141 1259 1210 1268 1270 1223 1152 1111 1071 1192 1179 1155 1079 1322 1306 1231 1186 1284 1447 1199 1203 1200 1283 1248 1107 1295 1350 1257 1253 1307 1307 1238 1175 1193 1218 1278 1104 1338 1150 1376 1392 1287 1415 1246 1157 1339 2233 1314 1212 4688 1266 1233 1290 1251 1224 1111 1274 1178 1239 1333 1349 1173 1179 1076 1337 1248 1542 3542 1209 1541 1367 1012 3923 1298 1264 1167 1427 1371 1286 1064 1172 1340 1130 1200 1306 1224 1256 1182 1426 1312 1305 1358 1162 1255 1208 1236 1334 1255 1406 1309 1299 1265 1069 1489 1423 2314 1425 6659 1410 1346 1230 1180
7613-B7 1297 1228 1340 1347 1263 1325 1314 1227 1274 1240 1462 1264 1225 1335 1312 4230 1266 1317 1240 1199 1178 0 1304 1297 1298 2549 1348 1288 1212 1338 1197 1224 1255 1309 1287 1308 1236 1265 1509 1289 1575 3569 1229 1240 1345 1279 1237 1261 1336 1294 1326 1267 1202 1179 1061 1270 1263 1345 1275 1392 1258 1297 1272 1324 1357 1249 1161 1280 1391 1226 1255 1221 1328 1285 1341 1347 1469 1288 1285 1313 1354 1288 1264 1410 1280 1390 1430 1271 1511 1300 1175 1349 2185 1382 1210 4690 1306 1387 1366 1323 1376 1247 1276 1302 1307 1303 1423 1301 1321 1148 1431 1316 1534 3518 1171 1499 1289 1202 3951 1324 1304 1289 1395 1481 1338 1198 1350 1284 1294 1300 1368 1396 1318 1256 1426 1404 1269 1330 1296 1251 1240 1268 1274 1319 1428 1275 1341 1239 1259 1549 1465 2358 1429 6723 1428 1390 1404 1266
7613-B8 1331 1304 1380 1343 1315 1447 1408 1147 1258 1246 1328 1348 1289 1251 1296 4270 1340 1411 1308 1303 1308 1304 0 1215 1358 2523 1376 1302 1380 1394 1265 1276 1205 1287 1261 1254 1216 1327 1451 1279 1479 3545 1207 1318 1323 1333 1285 1439 1396 1354 1342 1303 1188 1221 1211 1240 1267 1207 1257 1312 1344 1433 1308 1466 1423 1297 1305 1314 1299 1312 1263 1371 1450 1377 1337 1387 1393 1308 1283 1339 1288 1320 1284 1354 1276 1414 1422 1289 1555 1384 1209 1333 1973 1402 1224 4802 1276 1377 1378 1257 1334 1287 1304 1308 1381 1435 1355 1293 1369 1258 1453 1446 1498 3508 1347 1491 1333 1244 4047 1306 1388 1355 1375 1501 1404 1258 1276 1312 1390 1464 1510 1298 1478 1284 1464 1394 1285 1440 1282 1391 1316 1234 1300 1353 1518 1251 1375 1325 1283 1505 1401 2278 1465 6671 1368 1326 1450 1310
7613-B9 1310 1297 1425 1340 1276 1456 1383 1276 1339 1261 1411 1339 1262 1260 1445 4339 1401 1408 1295 1192 1245 1297 1215 0 1277 2508 1289 1253 1221 1421 1312 1239 1264 1302 1296 1287 1203 1330 1376 1222 1592 3546 1146 1241 1238 1354 1172 1328 1283 1287 1303 1334 1333 1226 1180 1295 1174 1308 1188 1465 1277 1348 1333 1403 1478 1272 1246 1255 1334 1271 1208 1286 1381 1376 1360 1306 1446 1237 1340 1284 1301 1437 1271 1365 1267 1351 1361 1278 1574 1259 1136 1318 2164 1387 1223 4803 1373 1320 1247 1204 1267 1188 1327 1271 1278 1384 1374 1312 1408 1175 1354 1377 1613 3701 1288 1602 1244 1255 3876 1223 1295 1302 1580 1364 1309 1247 1199 1263 1255 1375 1463 1421 1353 1231 1495 1355 1266 1377 1297 1292 1201 1361 1295 1328 1433 1224 1410 1366 1234 1618 1520 2297 1496 6618 1365 1401 1297 1361
7613-C1 1339 1292 1422 1389 1335 1353 1374 1315 1312 1200 1470 1292 1281 1317 1402 4366 1272 1455 1282 1183 1258 1298 1358 1277 0 2541 1390 1400 1372 1430 1323 1288 1315 1319 1367 1294 1166 1409 1525 1387 1683 3545 1255 1178 1287 1371 1301 1345 1348 1406 1422 1371 1254 1211 1219 1262 1233 1251 1169 1378 1412 1315 1400 1562 1547 1319 1281 1334 1417 1390 1263 1307 1354 1415 1429 1387 1463 1356 1363 1265 1328 1456 1188 1434 1224 1470 1476 1363 1565 1404 1213 1385 2247 1472 1360 4808 1386 1355 1366 1345 1380 1171 1430 1302 1343 1369 1489 1349 1373 1182 1401 1416 1568 3576 1425 1579 1349 1236 4041 1388 1344 1355 1539 1453 1426 1226 1262 1410 1298 1420 1458 1382 1306 1268 1480 1384 1331 1404 1286 1291 1328 1298 1404 1311 1528 1297 1401 1345 1367 1541 1569 2306 1601 6677 1444 1430 1364 1274
7613-C10 2516 2447 2573 2528 2420 2662 2711 2404 2591 2455 2683 2527 2470 2508 2591 5439 2631 2652 2565 2352 2447 2549 2523 2508 2541 0 2445 2455 2581 2667 2544 2549 2432 2544 2530 2543 2457 2496 2608 2420 2822 4784 2422 2487 2636 2472 2452 2568 2475 2451 2501 2598 2443 2458 2460 2489 2502 2406 2432 2699 2591 2560 2425 2539 2714 2548 2520 2471 2570 2509 2430 2620 2619 2506 2526 2572 2616 2505 2456 2514 2465 2625 2427 2745 2489 2627 2561 2654 2770 2523 2364 2518 3488 2595 2529 5981 2533 2572 2477 2460 2477 2430 2537 2499 2496 2516 2512 2426 2596 2397 2546 2607 2833 4865 2500 2810 2468 2399 5184 2497 2523 2468 2814 2554 2541 2399 2479 2563 2495 2683 2727 2571 2599 2491 2803 2631 2480 2565 2463 2484 2557 2541 2467 2548 2643 2478 2540 2510 2398 2872 2758 3569 2538 7930 2691 2655 2511 2597
7613-C11 1295 1216 1252 1319 1259 1393 1476 1215 1232 1344 1458 1342 1233 1185 1366 4264 1416 1431 1272 1191 1272 1348 1376 1289 1390 2445 0 1254 1298 1458 1261 1276 1241 1257 1335 1308 1224 1221 1417 1257 1685 3523 1177 1224 1365 1313 1215 1279 1204 1238 1230 1309 1242 1225 1281 1222 1249 1207 1193 1442 1304 1311 1234 1326 1373 1263 1249 1178 1339 1312 1219 1343 1384 1319 1299 1263 1425 1288 1225 1307 1218 1378 1294 1406 1286 1330 1354 1359 1451 1306 1163 1371 2369 1348 1240 4706 1292 1293 1248 1231 1244 1239 1282 1214 1229 1191 1303 1285 1277 1302 1275 1306 1658 3626 1305 1521 1293 1198 3963 1186 1224 1161 1601 1393 1256 1166 1222 1266 1280 1422 1388 1428 1368 1276 1552 1302 1281 1366 1224 1327 1240 1262 1220 1255 1422 1323 1407 1217 1137 1679 1527 2342 1265 6755 1392 1418 1246 1290
7613-C12 1315 1312 1362 1373 1253 1449 1444 1289 1318 1224 1494 1318 1257 1251 1386 4246 1436 1401 1310 1169 1312 1288 1302 1253 1400 2455 1254 0 1368 1516 1323 1256 1297 1311 1431 1258 1192 1285 1419 1183 1633 3601 1277 1268 1397 1321 1153 1315 1292 1276 1190 1381 1322 1281 1249 1282 1295 1243 1233 1512 1324 1327 1244 1418 1451 1321 1275 1258 1379 1302 1207 1317 1322 1313 1265 1327 1479 1286 1251 1319 1216 1338 1210 1490 1232 1346 1300 1399 1495 1272 1107 1275 2263 1366 1292 4758 1318 1381 1282 1211 1218 1201 1288 1300 1315 1299 1307 1209 1319 1180 1433 1312 1714 3626 1207 1625 1233 1198 3977 1234 1348 1239 1591 1325 1268 1210 1284 1262 1260 1478 1366 1406 1396 1296 1524 1464 1277 1382 1254 1261 1304 1358 1260 1355 1408 1301 1307 1311 1233 1673 1575 2462 1371 6697 1488 1506 1260 1374
7613-C2 1291 1300 1388 1255 1283 1291 1454 1265 1346 1200 1460 1300 1269 1301 1246 4280 1380 1391 1368 1185 1166 1212 1380 1221 1372 2581 1298 1368 0 1414 1363 1268 1263 1385 1349 1260 1220 1351 1425 1283 1559 3591 1295 1296 1299 1285 1175 1303 1350 1326 1330 1285 1298 1269 1223 1294 1241 1241 1149 1412 1356 1351 1264 1434 1449 1281 1297 1236 1345 1272 1235 1295 1366 1417 1373 1395 1389 1328 1261 1263 1308 1418 1224 1404 1262 1386 1434 1391 1463 1352 1235 1445 2279 1434 1244 4816 1340 1367 1308 1311 1270 1201 1280 1284 1353 1353 1375 1303 1367 1252 1401 1368 1606 3580 1223 1653 1327 1188 4011 1354 1310 1297 1509 1481 1368 1216 1298 1372 1328 1364 1334 1380 1448 1254 1446 1364 1317 1374 1262 1335 1346 1340 1350 1471 1418 1345 1337 1361 1157 1617 1509 2388 1493 6733 1430 1444 1316 1352
7613-C3 1499 1342 1422 1403 1255 1479 1634 1325 1428 1398 1404 1358 1371 1361 1338 4466 1436 1399 1470 1351 1328 1338 1394 1421 1430 2667 1458 1516 1414 0 1493 1416 1417 1357 1317 1386 1362 1391 1625 1371 1663 3603 1417 1354 1423 1383 1295 1483 1490 1496 1498 1461 1254 1313 1321 1442 1337 1273 1343 1422 1444 1513 1424 1378 1431 1375 1377 1408 1371 1360 1327 1489 1436 1469 1441 1425 1455 1472 1369 1445 1392 1410 1340 1466 1422 1608 1584 1465 1569 1352 1349 1527 2205 1440 1436 4908 1454 1349 1420 1377 1380 1427 1540 1314 1423 1411 1517 1411 1463 1372 1487 1462 1546 3560 1531 1643 1483 1348 4129 1366 1484 1435 1481 1637 1590 1432 1452 1432 1436 1478 1512 1482 1530 1376 1422 1464 1393 1510 1420 1497 1434 1296 1446 1371 1466 1471 1455 1415 1287 1569 1457 2288 1599 6803 1520 1358 1410 1376
7613-C4 1250 1317 1261 1294 1250 1340 1361 1136 1245 1209 1409 1381 1220 1362 1273 4177 1319 1358 1263 1230 1197 1197 1265 1312 1323 2544 1261 1323 1363 1493 0 1281 1274 1334 1344 1349 1231 1224 1378 1234 1646 3552 1058 1191 1292 1308 1210 1354 1335 1309 1255 1254 1159 1216 1198 1235 1224 1268 1282 1407 1217 1322 1265 1359 1400 1296 1192 1281 1480 1283 1180 1218 1349 1264 1302 1280 1406 1275 1290 1328 1301 1311 1215 1425 1187 1363 1357 1250 1572 1335 1168 1204 2176 1425 1225 4727 1197 1312 1329 1232 1313 1200 1273 1287 1304 1208 1362 1292 1380 1143 1438 1321 1517 3599 1222 1422 1312 1165 3866 1293 1267 1308 1410 1348 1345 1199 1195 1293 1239 1381 1413 1347 1425 1247 1445 1317 1274 1375 1195 1296 1199 1177 1179 1286 1471 1182 1388 1278 1260 1576 1538 2341 1300 6664 1385 1389 1311 1277
7613-C5 1219 1326 1204 1257 1247 1373 1318 1135 1172 1252 1374 1224 1151 1231 1272 4308 1252 1395 1246 1145 1278 1224 1276 1239 1288 2549 1276 1256 1268 1416 1281 0 1217 1295 1315 1080 1216 1283 1333 1187 1609 3553 1189 1060 1267 1275 1103 1249 1228 1236 1192 1317 1170 1193 1161 1200 1175 1199 1115 1442 1324 1317 1190 1320 1405 1265 1149 1108 1357 1232 1205 1269 1288 1267 1179 1305 1381 1268 1143 1235 1272 1412 1140 1342 1168 1228 1362 1237 1413 1170 1081 1347 2275 1352 1190 4666 1320 1287 1234 1231 1280 1163 1232 1150 1175 1139 1321 1205 1229 1150 1287 1266 1628 3512 1315 1565 1165 1116 3861 1228 1254 1163 1589 1319 1166 1090 1202 1234 1216 1378 1364 1392 1274 1212 1522 1296 1149 1250 1104 1235 1206 1242 1302 1311 1396 1195 1313 1291 1085 1617 1559 2288 1331 6617 1418 1400 1314 1320
7613-C6 1232 1291 1293 1300 1156 1370 1457 1170 1271 1215 1375 1209 1144 1208 1359 4305 1305 1406 1285 1114 1223 1255 1205 1264 1315 2432 1241 1297 1263 1417 1274 1217 0 1288 1280 1243 1179 1280 1370 1196 1564 3482 1266 1133 1328 1204 1200 1284 1279 1215 1345 1344 1217 1174 1184 1247 1212 1120 1170 1341 1289 1280 1255 1307 1372 1270 1216 1255 1382 1217 1188 1308 1313 1240 1344 1312 1370 1231 1294 1290 1221 1373 1147 1439 1209 1385 1341 1324 1540 1199 1064 1364 2176 1327 1257 4665 1197 1278 1375 1192 1215 1168 1279 1239 1212 1232 1214 1218 1284 1213 1312 1303 1475 3583 1148 1528 1184 1201 3858 1237 1259 1168 1406 1392 1293 1237 1199 1191 1281 1325 1369 1335 1355 1181 1491 1317 1258 1351 1283 1308 1245 1229 1275 1328 1347 1304 1302 1248 1134 1610 1420 2315 1348 6622 1361 1397 1357 1245
7613-C7 1346 1333 1375 1372 1254 1366 1377 1250 1303 1271 1377 1343 1286 1244 1329 4313 1327 1402 1339 1214 1295 1309 1287 1302 1319 2544 1257 1311 1385 1357 1334 1295 1288 0 1362 1307 1273 1244 1402 1286 1696 3460 1290 1209 1336 1350 1154 1312 1263 1371 1265 1440 1331 1252 1214 1253 1278 1290 1242 1437 1381 1356 1285 1367 1494 1294 1226 1273 1424 1359 1280 1356 1317 1380 1296 1324 1450 1337 1286 1362 1267 1423 1225 1481 1261 1457 1439 1428 1554 1311 1210 1358 2162 1421 1275 4745 1409 1338 1381 1310 1309 1204 1381 1341 1324 1304 1322 1252 1292 1229 1354 1317 1605 3517 1388 1568 1388 1311 4044 1311 1277 1294 1534 1394 1303 1267 1319 1335 1323 1429 1365 1403 1457 1291 1515 1413 1286 1403 1261 1314 1353 1313 1303 1432 1479 1366 1394 1344 1202 1588 1544 2387 1342 6640 1499 1431 1367 1353
7613-C8 1338 1297 1347 1308 1192 1408 1541 1138 1275 1241 1323 1375 1272 1248 1291 4315 1425 1338 1317 1222 1245 1287 1261 1296 1367 2530 1335 1431 1349 1317 1344 1315 1280 1362 0 1237 1243 1370 1434 1350 1628 3488 1346 1251 1378 1284 1258 1416 1301 1331 1351 1306 1163 1264 1208 1323 1290 1148 1216 1327 1315 1358 1277 1365 1336 1256 1290 1263 1346 1283 1296 1352 1471 1364 1294 1364 1292 1347 1282 1298 1311 1397 1271 1369 1299 1397 1473 1298 1526 1309 1268 1356 2190 1331 1315 4825 1335 1314 1421 1352 1249 1232 1337 1295 1356 1342 1428 1362 1264 1261 1326 1375 1473 3543 1324 1544 1300 1149 4012 1323 1367 1214 1458 1534 1347 1219 1257 1383 1295 1381 1491 1317 1393 1213 1553 1331 1294 1351 1335 1398 1345 1303 1325 1350 1527 1316 1340 1322 1272 1538 1424 2239 1512 6672 1351 1353 1395 1279
7613-C9 1309 1270 1392 1313 1239 1373 1416 1175 1310 1256 1294 1208 1183 1227 1288 4246 1414 1363 1428 1143 1320 1308 1254 1287 1294 2543 1308 1258 1260 1386 1349 1080 1243 1307 1237 0 1222 1309 1373 1219 1577 3513 1267 1178 1311 1311 1171 1351 1320 1284 1296 1299 1218 1139 1219 1228 1135 1217 1127 1394 1334 1329 1184 1432 1467 1271 1229 1244 1343 1296 1179 1305 1350 1401 1257 1305 1419 1226 1249 1281 1320 1350 1182 1420 1226 1406 1444 1273 1459 1216 1081 1299 2247 1272 1210 4808 1334 1363 1358 1281 1278 1261 1372 1228 1299 1331 1331 1327 1301 1222 1301 1426 1564 3596 1399 1555 1263 1168 3969 1196 1290 1203 1499 1409 1276 1280 1252 1378 1316 1402 1394 1268 1372 1182 1584 1298 1285 1368 1228 1323 1310 1300 1320 1273 1492 1297 1263 1271 1221 1599 1489 2376 1435 6701 1442 1378 1274 1346
7613-D1 1217 1220 1286 1257 1205 1289 1288 1177 1306 1186 1338 1250 1133 1219 1340 4234 1220 1323 1206 1113 1140 1236 1216 1203 1166 2457 1224 1192 1220 1362 1231 1216 1179 1273 1243 1222 0 1227 1393 1145 1593 3457 1179 1160 1257 1161 1161 1303 1194 1252 1242 1257 1236 1121 1095 1158 1169 1165 1163 1326 1168 1269 1270 1406 1373 1175 1197 1250 1271 1296 1101 1257 1310 1313 1283 1219 1383 1274 1223 1249 1200 1268 1108 1368 1160 1290 1274 1301 1423 1204 1065 1191 2183 1264 1186 4706 1284 1293 1216 1187 1204 1121 1234 1214 1193 1279 1317 1245 1297 1104 1353 1292 1542 3490 1175 1491 1217 1174 3985 1246 1268 1201 1461 1293 1338 1116 1208 1286 1204 1298 1322 1316 1262 1228 1434 1348 1209 1274 1168 1205 1254 1248 1340 1363 1360 1235 1295 1185 1153 1559 1471 2294 1367 6543 1328 1358 1252 1250
7613-D10 1356 1313 1289 1282 1204 1490 1405 1246 1287 1227 1477 1343 1290 1294 1337 4159 1405 1414 1235 1206 1205 1265 1327 1330 1409 2496 1221 1285 1351 1391 1224 1283 1280 1244 1370 1309 1227 0 1402 1170 1720 3570 1250 1257 1380 1308 1156 1312 1337 1297 1265 1374 1291 1194 1162 1261 1330 1282 1186 1507 1287 1350 1243 1317 1474 1268 1228 1251 1440 1333 1226 1412 1281 1302 1274 1240 1380 1271 1222 1360 1273 1449 1257 1471 1237 1385 1375 1326 1528 1205 1172 1346 2292 1395 1295 4761 1313 1368 1343 1268 1293 1184 1261 1271 1338 1248 1300 1266 1358 1183 1342 1453 1731 3585 1288 1592 1300 1193 4006 1183 1301 1240 1536 1352 1267 1141 1337 1325 1263 1429 1377 1381 1413 1347 1575 1385 1268 1327 1267 1270 1327 1379 1275 1406 1409 1298 1356 1208 1182 1642 1546 2411 1324 6682 1397 1447 1257 1359
7613-D11 1398 1473 1501 1492 1410 1552 1465 1352 1387 1447 1541 1435 1366 1346 1351 4357 1533 1556 1503 1288 1419 1509 1451 1376 1525 2608 1417 1419 1425 1625 1378 1333 1370 1402 1434 1373 1393 1402 0 1356 1702 3644 1368 1329 1456 1408 1328 1452 1421 1343 1375 1496 1395 1406 1328 1285 1284 1404 1254 1575 1461 1466 1345 1413 1608 1356 1470 1371 1478 1427 1272 1550 1505 1416 1368 1378 1592 1385 1444 1482 1345 1541 1383 1559 1405 1401 1481 1452 1580 1391 1250 1438 2292 1531 1475 4871 1433 1428 1363 1338 1409 1356 1485 1319 1312 1472 1364 1424 1498 1441 1432 1375 1791 3819 1416 1708 1434 1393 3976 1379 1443 1334 1780 1448 1389 1265 1347 1371 1351 1495 1517 1485 1525 1357 1615 1421 1368 1537 1263 1438 1409 1497 1437 1448 1539 1448 1412 1440 1346 1838 1716 2387 1462 6786 1477 1571 1369 1499
7613-D12 1220 1307 1313 1210 1190 1324 1363 1180 1269 1251 1419 1267 1246 1252 1287 4183 1389 1442 1229 1166 1209 1289 1279 1222 1387 2420 1257 1183 1283 1371 1234 1187 1196 1286 1350 1219 1145 1170 1356 0 1592 3546 1252 1229 1286 1194 1138 1262 1251 1189 1223 1300 1307 1158 1144 1225 1124 1244 1202 1439 1275 1288 1223 1369 1412 1242 1292 1209 1382 1299 1100 1302 1299 1238 1226 1286 1420 1283 1188 1252 1195 1429 1213 1375 1225 1295 1369 1274 1502 1163 1120 1212 2262 1355 1241 4751 1207 1246 1209 1196 1171 1174 1235 1235 1166 1216 1236 1206 1266 1157 1272 1285 1593 3533 1284 1582 1338 1131 3970 1113 1171 1140 1538 1356 1187 1149 1211 1311 1157 1379 1311 1269 1391 1217 1493 1343 1184 1223 1151 1258 1213 1267 1275 1356 1335 1240 1286 1284 1092 1612 1480 2301 1230 6592 1417 1455 1191 1279
7613-D2 1624 1541 1735 1648 1610 1600 1759 1568 1641 1619 1661 1573 1644 1576 1555 4661 1717 1698 1675 1502 1585 1575 1479 1592 1683 2822 1685 1633 1559 1663 1646 1609 1564 1696 1628 1577 1593 1720 1702 1592 0 3784 1764 1625 1670 1680 1556 1694 1669 1637 1697 1534 1579 1508 1544 1613 1576 1458 1560 1611 1753 1686 1603 1633 1654 1762 1700 1535 1644 1601 1538 1668 1773 1742 1664 1684 1722 1601 1602 1540 1619 1669 1599 1697 1623 1765 1693 1666 1788 1525 1582 1712 2282 1605 1639 5087 1653 1586 1685 1640 1639 1620 1619 1655 1704 1698 1700 1656 1624 1607 1706 1667 1841 3689 1616 1728 1604 1467 4250 1641 1727 1656 1730 1820 1661 1613 1591 1645 1659 1633 1659 1677 1709 1537 1709 1693 1672 1631 1621 1696 1687 1535 1685 1688 1671 1622 1612 1664 1570 1812 1664 2517 1752 6920 1683 1693 1653 1653
7613-D3 3538 3435 3657 3574 3500 3518 3649 3512 3515 3503 3469 3523 3464 3526 3575 6559 3519 3526 3531 3452 3501 3569 3545 3546 3545 4784 3523 3601 3591 3603 3552 3553 3482 3460 3488 3513 3457 3570 3644 3546 3784 0 3612 3485 3604 3514 3458 3522 3543 3579 3543 3532 3463 3486 3412 3483 3494 3422 3458 3565 3579 3512 3491 3577 3630 3506 3418 3557 3576 3491 3490 3502 3647 3596 3632 3458 3598 3451 3518 3528 3487 3487 3495 3657 3483 3615 3673 3570 3626 3475 3472 3538 4282 3479 3529 6953 3615 3500 3611 3548 3507 3490 3587 3473 3562 3608 3500 3544 3582 3481 3562 3527 3709 5585 3434 3760 3500 3471 1798 3485 3447 3506 3626 3626 3571 3543 3425 3517 3587 3565 3509 3505 3637 3485 3663 3561 3658 3599 3491 3584 3609 3451 3649 3570 3731 3540 3510 3512 3540 3692 3676 4429 3608 8906 3725 3629 3621 3477
7613-D4 1194 1289 1257 1252 1246 1382 1373 1134 1233 1207 1393 1299 1188 1286 1271 4239 1313 1304 1201 1180 1169 1229 1207 1146 1255 2422 1177 1277 1295 1417 1058 1189 1266 1290 1346 1267 1179 1250 1368 1252 1764 3612 0 1167 1186 1246 1110 1316 1227 1217 1137 1256 1159 1148 1174 1119 1162 1278 1124 1317 1247 1290 1205 1351 1388 1168 1142 1223 1354 1271 1128 1226 1289 1216 1214 1252 1346 1233 1128 1270 1225 1375 1175 1345 1163 1267 1303 1192 1532 1323 1114 1184 2240 1405 1163 4689 1225 1298 1263 1184 1231 1096 1207 1243 1270 1240 1354 1270 1292 1069 1340 1307 1559 3629 1174 1486 1236 1171 3986 1263 1257 1186 1472 1310 1331 1151 1187 1237 1177 1345 1443 1357 1285 1241 1421 1329 1232 1347 1131 1236 1233 1195 1195 1236 1513 1120 1384 1248 1148 1572 1496 2303 1330 6676 1291 1345 1239 1245
7613-D5 1317 1306 1256 1237 1247 1319 1296 1205 1200 1222 1380 1230 1151 1233 1240 4242 1262 1357 1274 1017 1134 1240 1318 1241 1178 2487 1224 1268 1296 1354 1191 1060 1133 1209 1251 1178 1160 1257 1329 1229 1625 3485 1167 0 1203 1309 1177 1255 1116 1206 1258 1249 1142 1109 1153 1146 1163 1145 1093 1326 1288 1275 1210 1374 1441 1213 1127 1272 1385 1228 1193 1197 1348 1275 1217 1255 1347 1270 1255 1241 1250 1360 1066 1348 1104 1362 1318 1319 1489 1216 1031 1267 2247 1344 1186 4690 1210 1249 1296 1249 1196 1113 1240 1194 1175 1221 1259 1243 1271 1148 1237 1348 1470 3568 1287 1555 1299 1172 3811 1242 1238 1167 1467 1301 1224 1146 1132 1324 1168 1240 1352 1286 1362 1146 1402 1254 1311 1390 1186 1255 1230 1170 1258 1271 1420 1227 1285 1291 1073 1511 1433 2402 1373 6553 1340 1316 1284 1240
7613-D6 1302 1279 1419 1346 1342 1404 1389 1208 1325 1329 1443 1305 1302 1354 1311 4355 1401 1436 1321 1182 1227 1345 1323 1238 1287 2636 1365 1397 1299 1423 1292 1267 1328 1336 1378 1311 1257 1380 1456 1286 1670 3604 1186 1203 0 1332 1208 1370 1411 1357 1323 1310 1263 1226 1216 1277 1204 1282 1186 1361 1315 1408 1315 1495 1548 1252 1236 1349 1426 1297 1268 1272 1421 1340 1294 1316 1474 1293 1322 1360 1295 1523 1223 1413 1201 1371 1395 1276 1534 1377 1242 1358 2254 1445 1399 4779 1367 1330 1327 1226 1345 1140 1337 1267 1376 1344 1424 1412 1378 1183 1412 1397 1569 3639 1292 1630 1370 1247 3990 1335 1317 1288 1546 1344 1405 1289 1271 1349 1241 1287 1443 1421 1395 1253 1419 1339 1354 1375 1277 1342 1247 1289 1309 1390 1483 1256 1462 1392 1202 1548 1454 2319 1476 6702 1489 1455 1327 1299
7613-D7 1296 1273 1291 1224 1180 1386 1329 1174 1299 1281 1311 1275 1246 1292 1381 4213 1395 1332 1247 1180 1307 1279 1333 1354 1371 2472 1313 1321 1285 1383 1308 1275 1204 1350 1284 1311 1161 1308 1408 1194 1680 3514 1246 1309 1332 0 1244 1320 1321 1315 1275 1450 1219 1270 1274 1317 1276 1222 1336 1459 1241 1334 1307 1303 1400 1238 1276 1245 1304 1253 1250 1356 1383 1288 1334 1328 1368 1409 1198 1388 1275 1331 1241 1477 1283 1309 1453 1350 1440 1269 1150 1322 2218 1289 1287 4729 1295 1356 1307 1312 1283 1232 1307 1297 1324 1268 1394 1368 1290 1293 1306 1311 1569 3623 1248 1558 1228 1237 3862 1317 1259 1276 1486 1334 1441 1229 1343 1253 1259 1477 1387 1327 1397 1253 1551 1381 1280 1303 1221 1258 1299 1337 1263 1328 1353 1306 1398 1322 1240 1604 1524 2353 1332 6734 1419 1477 1293 1337
7613-D9 1214 1197 1229 1182 1114 1276 1429 1142 1187 1161 1303 1199 1166 1182 1203 4233 1281 1286 1199 1074 1141 1237 1285 1172 1301 2452 1215 1153 1175 1295 1210 1103 1200 1154 1258 1171 1161 1156 1328 1138 1556 3458 1110 1177 1208 1244 0 1154 1217 1221 1211 1230 1183 1094 1142 1189 1078 1172 1086 1297 1325 1288 1199 1293 1336 1166 1112 1167 1316 1217 1126 1228 1305 1234 1224 1228 1302 1277 1158 1228 1159 1333 1095 1287 1179 1323 1297 1220 1436 1201 1092 1262 2202 1303 1231 4625 1203 1148 1213 1178 1103 1046 1245 1081 1136 1152 1188 1136 1246 1105 1264 1259 1569 3539 1240 1542 1186 1051 3884 1129 1203 1134 1490 1316 1191 1069 1173 1205 1213 1359 1275 1341 1327 1153 1349 1309 1192 1249 1131 1132 1209 1159 1097 1284 1331 1172 1268 1304 1058 1534 1496 2295 1344 6614 1323 1383 1233 1227
7613-E1 1348 1345 1275 1364 1194 1252 1431 1284 1309 1247 1443 1277 1290 1314 1345 4283 1271 1434 1253 1242 1259 1261 1439 1328 1345 2568 1279 1315 1303 1483 1354 1249 1284 1312 1416 1351 1303 1312 1452 1262 1694 3522 1316 1255 1370 1320 1154 0 1341 1239 1275 1254 1267 1154 1180 1223 1284 1340 1242 1399 1287 1404 1339 1397 1440 1272 1142 1253 1440 1301 1226 1282 1413 1388 1372 1326 1408 1235 1300 1312 1233 1369 1213 1441 1253 1373 1413 1412 1458 1281 1224 1358 2234 1447 1313 4589 1349 1392 1333 1228 1283 1258 1341 1283 1318 1302 1348 1254 1306 1307 1332 1303 1595 3509 1322 1548 1368 1179 3974 1293 1293 1226 1444 1440 1301 1269 1263 1279 1271 1295 1285 1403 1369 1267 1537 1383 1346 1343 1289 1252 1283 1343 1319 1378 1445 1306 1322 1276 1234 1610 1490 2347 1366 6694 1571 1447 1397 1289
