7612-A1 7612-A10 7612-A12 7612-A2 7612-A3 7612-A4 7612-A5 7612-A6 7612-A7 7612-A8 7612-A9 7612-B1 7612-B10 7612-B11 7612-B12 7612-B2 7612-B3 7612-B4 7612-B5 7612-B6 7612-B7 7612-B8 7612-B9 7612-C1 7612-C10 7612-C11 7612-C12 7612-C2 7612-C3 7612-C4 7612-C5 7612-C6 7612-C7 7612-C8 7612-C9 7612-D10 7612-D11 7612-D12 7612-D2 7612-D3 7612-D4 7612-D5 7612-D6 7612-D7 7612-D8 7612-D9 7612-E11 7612-E12 7612-E2 7612-E3 7612-E4 7612-E5 7612-E6 7612-E7 7612-E8 7612-E9 7612-F1 7612-F10 7612-F11 7612-F12 7612-F2 7612-F3 7612-F4 7612-F5 7612-F6 7612-F7 7612-F8 7612-F9 7612-G1 7612-G10 7612-G11 7612-G12 7612-G2 7612-G3 7612-G4 7612-G5 7612-G6 7612-G8 7612-G9 7612-H1 7612-H10 7612-H11 7612-H12 7612-H2 7612-H3 7612-H4 7612-H5 7612-H6 7612-H7 7612-H8 7612-H9 7881-A1 7881-A12 7881-A2 7881-A3 7881-B12 7881-B2 7881-B3 7881-C1 7881-C12 7881-C2 7881-C3 7881-D1 7881-D12 7881-D2 7881-D3 7881-E1 7881-E3 7881-F1 7881-F12 7881-F2 7881-F3 7881-G1 7881-G12 7881-G2 7881-G3 7881-H1 7881-H11 7881-H12 7881-H2 7885-B1 7885-C1 7885-D1 7885-E1 7885-F1 7885-G1 7885-H1 Pr1556Aug2017 Pr1556Jul2017 Pr1556Jun2015
7612-A1 0 921 859 1644 5459 878 5106 809 871 747 780 4102 771 8591 810 787 775 784 822 959 1793 780 5131 4089 8751 4094 818 835 773 813 722 770 691 5018 746 7691 9351 4208 8454 814 799 4204 796 8453 774 738 4989 818 773 771 813 831 744 778 4203 871 811 8350 24260 4246 1010 755 871 4930 710 792 4316 716 788 827 8454 790 879 12575 5109 4227 6019 1398 796 742 5638 10769 711 827 3100 8434 846 3075 801 6695 865 8193 12248 925 862 10533 942 6407 993 969 813 5034 10345 27045 7682 5127 4228 5186 5428 10922 4162 895 13372 8564 5075 904 4280 19343 7424 4308 2783 8536 20569 8490 6918 909 5055 836 1183 1031
7612-A10 921 0 788 1495 5480 793 5183 758 808 760 737 4179 808 8614 811 826 890 847 757 794 1664 727 5192 4122 8636 4213 823 712 758 824 879 735 744 5031 793 7714 9436 4187 8373 791 846 4113 937 8382 747 789 4992 765 722 840 880 806 919 835 4230 836 900 8323 24259 4161 955 744 786 5017 847 755 4265 769 783 742 8439 811 880 12488 5116 4166 6078 1389 783 739 5729 10766 720 748 3063 8411 791 3048 848 6822 814 8122 12213 776 853 10492 893 6424 1032 928 850 5031 10398 27032 7659 5174 4147 5139 5303 11003 4055 882 13355 8401 5050 853 4229 19258 7351 4223 2780 8401 20518 8437 6849 828 5062 795 1148 988
7612-A12 859 788 0 1469 5452 831 5103 904 870 728 775 4175 734 8576 695 848 846 815 829 858 1668 713 5170 4058 8678 4143 799 792 742 814 835 737 728 5027 871 7678 9428 4089 8407 793 862 4191 873 8394 797 803 5038 693 766 760 836 820 827 837 4182 876 876 8295 24263 4165 949 796 854 5035 905 799 4273 731 831 762 8419 657 890 12512 5132 4172 6040 1355 775 797 5669 10770 756 814 3109 8381 687 3106 806 6806 742 8132 12247 732 945 10462 803 6340 1002 868 870 5033 10350 27052 7635 5186 4137 5135 5305 10981 4119 858 13329 8439 5102 919 4293 19274 7309 4225 2778 8387 20426 8365 6869 818 5010 757 1076 974
7612-A2 1644 1495 1469 0 6103 1558 5750 1677 1583 1481 1630 4980 1549 9223 1536 1655 1655 1646 1614 1493 2427 1518 5837 4787 9141 4998 1546 1625 1511 1563 1644 1568 1533 5646 1628 8429 10291 4906 9034 1570 1575 4916 1682 9017 1614 1466 5667 1508 1525 1599 1631 1535 1600 1612 5021 1663 1603 9022 24560 4840 1758 1607 1637 5686 1652 1580 5076 1494 1630 1521 9152 1480 1571 13115 5723 4937 6729 2182 1558 1608 6394 11377 1567 1611 3808 9070 1476 3765 1613 7477 1553 8685 12860 1577 1626 11005 1580 6987 1739 1615 1577 5704 10945 27519 8270 5811 4932 5780 6016 11596 4702 1575 13840 9022 5699 1598 4922 19821 7908 4906 3549 8986 20867 9062 7468 1533 5705 1514 1767 1541
7612-A3 5459 5480 5452 6103 0 5497 1311 5536 5520 5444 5455 8885 5312 13298 5505 5502 5532 5551 5405 5484 6408 5385 1342 8614 13424 8801 5471 5460 5438 5486 5467 5405 5422 1213 5509 3856 14094 8885 13049 5413 5454 8839 5501 13062 5473 5479 1232 5367 5392 5430 5530 5544 5385 5513 8830 5488 5518 4569 20337 8833 5653 5484 5518 6017 5455 5405 8967 5413 5461 5464 4589 5437 5530 10852 1314 8862 2218 6027 5499 5513 1943 6950 5404 5478 7733 4605 5385 7588 5460 11404 5466 4192 16879 5500 5475 6744 5433 2606 5600 5480 5546 1211 6538 23248 3819 1286 8815 1343 10017 13187 8751 5442 18011 13041 1238 5539 8857 24022 3409 8809 7382 4635 16632 4645 10735 5462 6132 5431 5730 5560
7612-A4 878 793 831 1558 5497 0 5104 801 831 739 792 4204 823 8707 844 849 825 830 724 801 1705 786 5205 4051 8719 4228 824 769 777 815 878 800 775 4934 816 7619 9485 4180 8442 756 823 4208 840 8451 802 738 5041 786 785 811 805 889 838 832 4217 815 849 8336 24298 4246 1008 789 911 4928 862 880 4236 760 794 809 8402 796 877 12455 5101 4205 5985 1438 804 836 5712 10849 757 851 3102 8446 768 3087 853 6795 797 8155 12250 859 870 10503 846 6365 975 923 897 5038 10365 27067 7652 5103 4146 5080 5372 10972 4060 845 13360 8510 5129 862 4254 19327 7360 4278 2815 8504 20429 8378 6816 819 5079 816 1095 913
7612-A5 5106 5183 5103 5750 1311 5104 0 5107 5171 5015 5096 8444 5057 12949 5016 5029 5105 5094 5098 5103 5979 4998 1043 8421 13055 8502 5160 5185 5003 5117 5142 5114 5053 772 5094 3531 13787 8418 12734 5030 5041 8516 5158 12765 5174 5040 893 5106 5077 5049 5047 5197 5134 5142 8571 5179 5083 4204 20152 8512 5230 5131 5043 5724 5172 5172 8556 5088 5084 5083 4318 5146 5183 10541 799 8485 1853 5630 5186 5220 1496 6589 5019 5111 7406 4228 5074 7397 5171 11083 5059 4001 16548 5099 5166 6293 5132 2199 5229 5147 5137 828 6157 22747 3406 1027 8414 926 9664 12870 8330 5065 17608 12666 825 5178 8542 23597 3148 8498 7167 4260 16259 4266 10466 5083 5729 5122 5307 5225
7612-A6 809 758 904 1677 5536 801 5107 0 840 734 751 4141 774 8614 849 704 766 755 701 782 1716 739 5202 4144 8690 4139 837 726 758 794 847 801 682 4983 737 7694 9462 4131 8421 743 754 4123 853 8382 787 809 5016 783 684 752 702 804 797 803 4142 744 814 8335 24281 4235 885 698 716 4979 843 817 4169 777 805 758 8431 855 796 12548 4980 4140 6102 1331 783 675 5713 10778 690 758 3131 8419 787 3086 802 6764 864 8168 12189 800 845 10554 893 6348 972 856 810 4935 10352 27032 7593 5152 4153 5101 5349 10977 4027 848 13347 8487 5016 835 4255 19310 7395 4187 2734 8505 20516 8487 6897 834 5002 793 1162 1026
7612-A7 871 808 870 1583 5520 831 5171 840 0 718 849 4151 770 8610 865 850 830 831 777 858 1674 763 5202 4132 8690 4249 865 796 814 834 853 787 758 4993 825 7792 9554 4175 8383 845 834 4257 951 8426 841 789 5082 753 782 820 848 848 937 811 4238 870 874 8383 24331 4149 1005 774 912 4975 933 851 4341 825 877 858 8461 793 876 12514 5144 4136 6088 1389 761 787 5733 10818 816 828 3075 8425 803 3100 948 6808 774 8152 12163 772 883 10476 819 6448 1014 934 920 5039 10386 27084 7647 5204 4195 5151 5327 11077 4057 842 13311 8457 5070 905 4267 19350 7395 4223 2788 8417 20436 8395 6791 854 5048 755 1000 926
7612-A8 747 760 728 1481 5444 739 5015 734 718 0 661 4071 754 8602 765 746 738 733 661 736 1704 649 5150 3990 8778 4123 757 692 664 694 773 685 610 4871 765 7600 9374 4073 8347 659 674 4077 813 8352 659 699 4920 717 660 668 686 778 765 707 4110 730 742 8219 24191 4137 915 672 752 4873 739 783 4205 679 737 684 8365 689 764 12428 5008 4082 5978 1277 737 711 5661 10700 672 710 3003 8289 687 3002 702 6692 736 8096 12121 712 761 10418 841 6264 898 820 724 4893 10326 26988 7525 5084 4077 5065 5195 10965 3951 764 13295 8415 4980 823 4179 19232 7349 4183 2774 8357 20460 8327 6783 828 4998 695 990 898
7612-A9 780 737 775 1630 5455 792 5096 751 849 661 0 4194 731 8643 740 785 789 742 730 845 1759 670 5157 3983 8781 4082 784 755 743 815 752 678 695 4998 784 7503 9419 4106 8320 706 809 4098 836 8399 712 764 4973 754 735 667 789 823 778 810 4073 843 821 8298 24096 4212 884 763 809 4946 732 756 4160 760 766 767 8398 758 831 12475 5053 4161 5981 1380 840 736 5800 10799 709 675 2962 8340 748 3029 775 6713 793 8055 12224 767 832 10519 846 6341 955 825 847 4954 10397 27033 7592 5153 4126 5106 5312 10934 4056 863 13348 8438 5037 858 4182 19287 7278 4206 2735 8498 20527 8388 6858 805 4983 738 1131 965
7612-B1 4102 4179 4175 4980 8885 4204 8444 4141 4151 4071 4194 0 4143 5203 4138 4165 4161 4194 4128 4237 5077 4108 8589 7501 12041 694 4126 4097 4063 4139 4114 4038 4043 8320 4124 11069 12785 732 5008 4164 4121 698 4204 5015 4090 4118 8331 4160 4109 4113 4093 4227 4118 4108 743 4203 4155 4916 27672 718 4272 4041 4153 8310 4134 4096 882 4068 4118 4189 4970 4102 4263 15895 8419 693 9423 4664 4100 4084 8986 7279 4107 4125 6394 5014 4164 6433 4167 3411 4147 11571 15504 4131 4230 13893 4152 9797 4153 4251 4083 8404 6903 23597 11004 8573 786 8494 8638 14424 7410 4151 16658 5012 8385 4242 862 22659 10772 7600 6149 4984 23881 4984 10304 4179 8461 4152 4461 4339
7612-B10 771 808 734 1549 5312 823 5057 774 770 754 731 4143 0 8592 761 808 842 745 747 828 1640 645 5134 4000 8678 4083 793 770 692 778 757 703 656 4943 735 7630 9402 4105 8453 745 826 4181 817 8434 735 773 5012 711 720 700 738 768 763 863 4172 828 858 8329 24159 4113 939 718 876 4939 799 725 4253 695 657 814 8391 671 876 12446 5096 4104 6046 1283 797 787 5683 10734 744 804 3025 8403 687 3010 776 6750 752 8094 12203 780 909 10512 811 6390 948 798 832 4947 10322 27062 7579 5188 4167 5131 5269 10897 4067 742 13319 8449 5076 845 4237 19330 7289 4221 2696 8423 20424 8379 6749 772 4982 665 1016 912
7612-B11 8591 8614 8576 9223 13298 8707 12949 8614 8610 8602 8643 5203 8592 0 8631 8638 8650 8683 8513 8614 9512 8611 13070 11222 7556 5247 8587 8642 8668 8612 8649 8625 8586 12957 8543 15650 17254 5231 5529 8617 8622 5247 8711 5454 8573 8643 12896 8511 8568 8618 8692 8602 8665 8641 5226 8694 8714 9451 28225 5225 8781 8654 8718 8007 8649 8671 5323 8577 8577 8528 9533 8539 8642 20202 12946 5222 13960 9259 8541 8555 13607 11856 8616 8628 10893 9513 8553 10812 8618 3850 8644 12094 20013 8662 8675 18382 8631 14276 8724 8656 8660 12891 7496 28108 15527 13062 5197 13085 9163 18849 7973 8680 17081 5571 12964 8585 5263 26532 15163 12091 6606 9533 24418 9497 10813 8672 7972 8605 8846 8716
7612-B12 810 811 695 1536 5505 844 5016 849 865 765 740 4138 761 8631 0 775 815 782 764 839 1667 728 5187 4141 8719 4096 756 739 665 819 784 726 709 4996 820 7639 9491 4098 8396 768 803 4170 882 8439 786 714 4933 780 731 765 813 801 802 776 4203 853 789 8330 24226 4194 918 805 819 4996 740 754 4312 702 748 751 8430 724 913 12513 5023 4163 6011 1332 782 816 5604 10715 699 743 3028 8364 810 3143 779 6825 751 8115 12240 749 860 10413 868 6367 951 861 839 4996 10333 27001 7620 5201 4164 5106 5330 10888 4064 833 13306 8430 5059 896 4232 19233 7346 4256 2751 8382 20449 8442 6882 789 5035 780 1091 963
7612-B2 787 826 848 1655 5502 849 5029 704 850 746 785 4165 808 8638 775 0 742 741 775 810 1750 727 5186 4150 8772 4177 849 788 796 760 813 831 718 4955 795 7664 9472 4187 8471 687 800 4183 815 8416 811 757 5018 789 780 774 758 810 831 803 4268 792 848 8313 24329 4309 937 804 766 4899 843 821 4271 831 809 768 8409 809 832 12558 4930 4228 6056 1417 801 809 5629 10768 720 774 3117 8381 795 3096 800 6812 818 8190 12179 784 865 10462 841 6378 912 914 894 4949 10274 27006 7511 5130 4153 5087 5321 10923 4103 820 13297 8461 4974 847 4195 19272 7361 4211 2810 8437 20492 8391 6867 772 5028 707 1174 1022
7612-B3 775 890 846 1655 5532 825 5105 766 830 738 789 4161 842 8650 815 742 0 799 801 832 1744 781 5106 4074 8826 4133 825 800 804 786 739 771 724 5039 747 7656 9454 4201 8389 747 840 4209 797 8396 789 799 4992 799 788 732 816 840 785 765 4164 832 828 8323 24251 4265 923 814 900 4927 813 821 4263 775 827 788 8477 767 826 12548 5052 4206 5984 1361 781 761 5687 10818 700 812 3045 8397 809 3054 796 6738 800 8120 12235 752 827 10488 819 6406 966 910 884 5029 10332 27108 7651 5124 4203 5133 5347 11029 4129 884 13333 8497 5012 927 4265 19428 7357 4283 2754 8491 20552 8453 6901 872 5064 793 1124 1022
7612-B4 784 847 815 1646 5551 830 5094 755 831 733 742 4194 745 8683 782 741 799 0 768 841 1743 724 5243 4125 8767 4156 872 841 739 749 788 818 679 4964 698 7655 9457 4148 8422 748 749 4170 828 8397 726 754 5019 770 741 723 763 883 852 828 4159 809 771 8320 24254 4304 926 763 791 5004 882 812 4210 806 834 831 8484 772 889 12517 4977 4119 6031 1348 834 742 5706 10783 701 861 3040 8374 790 3047 735 6771 761 8113 12240 829 872 10511 900 6359 943 863 859 4954 10379 26989 7504 5107 4208 5124 5308 10942 4026 877 13300 8518 5063 868 4222 19267 7410 4236 2725 8526 20501 8416 6860 779 5063 766 1109 1011
7612-B5 822 757 829 1614 5405 724 5098 701 777 661 730 4128 747 8513 764 775 801 768 0 757 1719 676 5151 3989 8585 4048 758 663 727 781 758 674 619 4982 736 7673 9345 4154 8388 700 773 4158 846 8289 720 776 4987 722 669 669 765 849 742 748 4051 799 783 8298 24174 4200 900 669 823 4920 710 734 4194 756 734 747 8302 758 841 12465 5071 4067 6015 1358 780 694 5758 10733 695 725 3100 8372 756 3021 805 6683 735 8101 12126 795 802 10505 836 6379 961 871 819 4982 10335 27029 7632 5147 4142 5084 5328 10958 4024 807 13298 8452 5097 762 4218 19341 7366 4248 2709 8490 20495 8364 6854 831 5021 756 1089 921
7612-B6 959 794 858 1493 5484 801 5103 782 858 736 845 4237 828 8614 839 810 832 841 757 0 1702 751 5236 4114 8750 4199 807 810 766 800 887 829 748 4997 843 7762 9514 4203 8465 783 792 4175 901 8382 791 781 5040 705 806 770 776 866 887 835 4152 850 778 8387 24259 4275 971 796 868 4961 861 875 4311 841 803 734 8483 781 866 12540 5064 4232 6074 1353 817 785 5751 10774 756 854 3069 8505 703 3094 832 6858 834 8132 12313 800 883 10532 807 6354 1020 852 894 5003 10358 27124 7613 5214 4203 5111 5381 10963 4033 780 13381 8457 5050 849 4241 19332 7287 4227 2794 8449 20474 8523 6793 736 5082 753 1056 904
7612-B7 1793 1664 1668 2427 6408 1705 5979 1716 1674 1704 1759 5077 1640 9512 1667 1750 1744 1743 1719 1702 0 1625 6034 4978 9488 5103 1687 1664 1680 1700 1703 1687 1672 5915 1697 8686 10438 5071 9313 1711 1746 5057 1763 9390 1745 1709 5922 1605 1692 1710 1698 1718 1745 1659 5148 1752 1728 9255 25193 5057 1815 1712 1752 5879 1773 1661 5223 1687 1755 1658 9379 1661 1720 13384 5974 5118 6948 2287 1689 1755 6573 11646 1642 1706 3989 9333 1711 3956 1710 7674 1702 8998 12891 1724 1799 11398 1743 7334 1868 1742 1754 5955 11248 27938 8589 6060 5119 6021 6227 11977 4999 1642 12383 9361 5966 1713 5103 20238 8189 5013 3616 9311 21296 9297 7635 1698 5994 1683 1918 1788
7612-B8 780 727 713 1518 5385 786 4998 739 763 649 670 4108 645 8611 728 727 781 724 676 751 1625 0 5135 3991 8669 4124 740 667 667 703 734 698 623 4924 736 7631 9389 4106 8382 704 765 4116 844 8393 754 724 4977 634 673 781 773 757 760 788 4115 769 721 8206 24150 4176 832 691 769 4912 776 748 4212 702 726 793 8402 728 815 12465 5009 4121 5969 1336 780 726 5668 10727 709 741 3016 8292 718 2983 747 6675 711 8011 12116 733 776 10431 814 6287 901 819 813 4862 10225 26949 7542 5067 4062 5068 5276 10912 3936 695 13180 8332 4957 752 4150 19279 7246 4106 2711 8380 20375 8352 6732 715 4949 690 985 865
7612-B9 5131 5192 5170 5837 1342 5205 1043 5202 5202 5150 5157 8589 5134 13070 5187 5186 5106 5243 5151 5236 6034 5135 0 8444 13000 8539 5093 5198 5190 5230 5053 5109 5086 897 5151 3600 13840 8611 12757 5135 5208 8579 5161 12816 5179 5081 882 5121 5200 5172 5220 5146 5065 5193 8548 5202 5166 4263 19941 8503 5387 5174 5212 5821 5179 5133 8647 5165 5181 5154 4297 5087 5218 10426 978 8614 1834 5749 5127 5181 1551 6616 5030 5196 7467 4337 5197 7362 5156 10982 5112 3908 16465 5250 5181 6402 5189 2196 5332 5268 5224 995 6208 22884 3547 870 8599 1019 9703 12853 8419 5226 17561 12767 928 5197 8669 23730 3255 8517 7130 4367 16384 4299 10537 5254 5828 5159 5500 5374
7612-C1 4089 4122 4058 4787 8614 4051 8421 4144 4132 3990 3983 7501 4000 11222 4141 4150 4074 4125 3989 4114 4978 3991 8444 0 11384 7401 4115 4086 4022 4042 4129 4043 4034 8237 4117 10900 12698 7431 10971 3991 4078 7495 4167 11016 4101 4079 8366 4029 4022 4034 4164 4154 4011 4111 7452 4114 4110 11637 20815 7477 4237 4092 4136 8131 4073 4041 7513 4081 4047 4088 11707 4009 4162 15788 8468 7438 9340 4673 4127 4091 9079 14060 4048 4100 6307 11689 4035 6294 4108 9318 4062 10680 15505 4098 4171 13484 4109 9644 4228 4058 4170 8277 12954 30380 10909 8376 7401 8379 7951 8357 6675 4034 15921 11067 8342 4157 7509 16740 10491 7501 5402 11739 23074 11597 9269 4030 8278 4051 4304 4190
7612-C10 8751 8636 8678 9141 13424 8719 13055 8690 8690 8778 8781 12041 8678 7556 8719 8772 8826 8767 8585 8750 9488 8669 13000 11384 0 11995 8727 8680 8768 8730 8731 8699 8560 12941 8725 15762 17346 12025 12347 8673 8764 12037 8785 12128 8755 8717 13018 8637 8636 8752 8810 8698 8809 8701 12062 8752 8756 16163 28277 11977 8829 8662 8794 8163 8739 8709 12067 8705 8711 8742 16269 8711 8762 19386 13002 11928 14038 9337 8595 8649 13589 18580 8716 8692 11053 16263 8731 10992 8774 10462 8736 11968 19947 8792 8763 18038 8765 14202 8938 8848 8736 13033 14220 33796 15285 12970 12049 13031 9289 18773 7683 8756 16379 12371 13022 8709 12087 26104 15303 12169 6674 16297 23404 16243 10603 8698 8056 8653 8962 8780
7612-C11 4094 4213 4143 4998 8801 4228 8502 4139 4249 4123 4082 694 4083 5247 4096 4177 4133 4156 4048 4199 5103 4124 8539 7401 11995 0 4130 4129 4069 4201 4066 4014 3993 8342 4142 10979 12707 768 4918 4124 4179 692 4132 4953 4152 4166 8361 4132 4133 4029 4193 4207 4098 4140 647 4247 4133 4830 27604 850 4326 4113 4237 8324 4104 4068 768 4060 4092 4191 4880 4132 4273 15855 8473 737 9391 4694 4140 4070 9090 7235 4071 4131 6394 5016 4154 6437 4117 3305 4117 11509 15608 4203 4280 13911 4220 9783 4151 4259 4221 8414 6957 23619 11044 8529 782 8512 8662 14268 7506 4227 16730 5114 8483 4268 848 22683 10704 7702 6125 5068 23919 4988 10286 4253 8423 4188 4573 4421
7612-C12 818 823 799 1546 5471 824 5160 837 865 757 784 4126 793 8587 756 849 825 872 758 807 1687 740 5093 4115 8727 4130 0 679 757 745 766 684 715 5058 804 7711 9491 4182 8424 736 735 4146 830 8385 794 786 4877 780 775 833 803 765 688 804 4113 881 787 8316 24194 4158 934 783 835 4924 718 728 4274 642 730 789 8334 656 865 12487 5111 4151 6039 1368 708 784 5664 10699 753 765 3104 8420 782 2997 711 6787 831 8161 12156 891 826 10507 916 6397 1033 929 669 5092 10311 27105 7726 5123 4186 5202 5334 10878 4042 861 13292 8438 5035 932 4290 19389 7408 4254 2715 8478 20493 8476 6930 859 5137 792 1159 947
7612-C2 835 712 792 1625 5460 769 5185 726 796 692 755 4097 770 8642 739 788 800 841 663 810 1664 667 5198 4086 8680 4129 679 0 682 764 755 665 672 4983 759 7608 9372 4089 8357 693 772 4119 831 8398 743 775 4964 699 594 808 742 804 731 765 4086 772 788 8239 24257 4175 831 666 774 4903 749 727 4181 669 739 754 8369 707 888 12480 5106 4140 6012 1341 749 673 5659 10684 736 704 3075 8391 735 3038 770 6818 820 8072 12163 770 819 10476 845 6420 952 848 782 5009 10318 27038 7627 5138 4161 5125 5313 10947 4009 810 13377 8447 5092 839 4245 19262 7379 4185 2736 8413 20468 8419 6811 764 5102 731 1112 946
7612-C3 773 758 742 1511 5438 777 5003 758 814 664 743 4063 692 8668 665 796 804 739 727 766 1680 667 5190 4022 8768 4069 757 682 0 746 721 683 608 4873 751 7558 9384 4089 8421 719 690 4045 793 8408 687 725 4930 733 698 660 732 810 773 739 4146 810 754 8271 24207 4157 891 674 766 4913 753 703 4223 637 719 774 8385 703 892 12434 5008 4130 5992 1275 815 751 5617 10644 692 740 2995 8353 717 3056 750 6796 746 8104 12217 756 865 10460 825 6322 846 766 786 4895 10258 27000 7609 5144 4107 5043 5257 10927 4003 732 13357 8427 4974 863 4215 19296 7317 4193 2774 8353 20398 8401 6753 766 5048 763 1024 890
7612-C4 813 824 814 1563 5486 815 5117 794 834 694 815 4139 778 8612 819 760 786 749 781 800 1700 703 5230 4042 8730 4201 745 764 746 0 849 761 710 4977 781 7700 9438 4167 8447 777 772 4169 891 8394 791 839 5032 727 778 810 788 838 787 823 4220 820 726 8365 24303 4245 915 716 804 4901 833 825 4271 769 771 782 8489 705 832 12592 5088 4238 6046 1347 781 785 5727 10772 806 808 3043 8447 795 2992 830 6788 874 8108 12243 816 871 10536 873 6398 1028 870 872 4971 10326 27090 7637 5108 4163 5153 5335 10999 4079 768 13319 8433 5010 839 4185 19346 7363 4199 2794 8467 20466 8477 6857 806 5048 801 1000 932
7612-C5 722 879 835 1644 5467 878 5142 847 853 773 752 4114 757 8649 784 813 739 788 758 887 1703 734 5053 4129 8731 4066 766 755 721 849 0 722 687 4958 758 7625 9417 4202 8362 716 825 4146 724 8405 796 776 4917 782 803 715 789 823 700 782 4165 857 769 8274 24206 4234 974 771 861 4904 750 730 4266 762 772 807 8398 732 917 12497 5067 4213 5957 1390 768 764 5664 10709 701 833 3068 8410 838 3059 743 6703 835 8111 12220 891 818 10551 886 6401 969 921 811 4972 10263 26997 7680 5061 4222 5100 5276 10922 4070 881 13332 8502 5021 858 4248 19369 7392 4236 2725 8500 20463 8410 6882 925 5107 834 1159 1051
7612-C6 770 735 737 1568 5405 800 5114 801 787 685 678 4038 703 8625 726 831 771 818 674 829 1687 698 5109 4043 8699 4014 684 665 683 761 722 0 629 4986 764 7575 9329 4096 8332 764 817 4096 820 8357 668 752 4933 750 701 663 829 861 628 726 4085 835 751 8302 24146 4172 870 699 773 4884 642 656 4242 650 724 739 8330 680 887 12477 5125 4133 5957 1264 740 720 5668 10651 651 707 2960 8428 714 2971 717 6727 751 8119 12240 775 794 10483 762 6369 909 859 769 5004 10351 27057 7646 5143 4146 5120 5268 10946 4022 813 13340 8402 5013 892 4214 19311 7312 4218 2681 8434 20549 8408 6858 877 4975 700 1059 931
7612-C7 691 744 728 1533 5422 775 5053 682 758 610 695 4043 656 8586 709 718 724 679 619 748 1672 623 5086 4034 8560 3993 715 672 608 710 687 629 0 4857 695 7586 9276 4133 8347 643 724 4067 697 8332 653 711 4916 711 650 612 684 782 677 697 4074 794 784 8197 24165 4165 931 570 744 4889 633 673 4183 629 633 720 8295 693 790 12428 4982 4062 5954 1233 659 635 5621 10618 648 714 2979 8311 669 2984 670 6680 738 8080 12177 776 761 10428 843 6324 882 838 716 4939 10252 27004 7533 5116 4165 5071 5159 10835 3975 736 13275 8439 5044 763 4171 19234 7355 4191 2666 8455 20494 8383 6757 768 4958 701 1078 938
7612-C8 5018 5031 5027 5646 1213 4934 772 4983 4993 4871 4998 8320 4943 12957 4996 4955 5039 4964 4982 4997 5915 4924 897 8237 12941 8342 5058 4983 4873 4977 4958 4986 4857 0 5026 3377 13699 8398 12622 4902 4955 8398 5026 12655 4996 4852 733 4974 4921 4921 4993 5069 4982 4944 8421 4993 4991 4078 19982 8364 5192 4993 4985 5668 5050 4982 8428 4908 4926 4987 4180 4966 5077 10357 739 8367 1723 5504 5000 4988 1396 6497 4915 4995 7298 4122 4938 7297 5041 11031 4947 3891 16424 5003 5030 6239 5038 2015 5073 4999 5023 656 6033 22815 3264 865 8380 740 9490 12738 8160 5033 17564 12610 731 5024 8462 23509 3034 8442 7021 4158 16193 4088 10392 4981 5747 4922 5305 5187
7612-C9 746 793 871 1628 5509 816 5094 737 825 765 784 4124 735 8543 820 795 747 698 736 843 1697 736 5151 4117 8725 4142 804 759 751 781 758 764 695 5026 0 7633 9413 4244 8456 776 771 4098 730 8409 696 786 4947 812 755 731 747 831 768 760 4157 797 777 8290 24268 4252 908 815 769 4928 774 760 4248 784 804 753 8428 736 827 12541 5005 4137 5983 1342 788 716 5696 10761 693 717 3094 8388 774 2987 779 6741 789 8097 12212 853 814 10495 880 6401 969 879 821 4948 10357 26989 7606 5077 4192 5116 5302 10970 4024 817 13330 8458 5031 804 4216 19277 7360 4190 2687 8486 20477 8436 6822 803 5041 764 1135 975
7612-D10 7691 7714 7678 8429 3856 7619 3531 7694 7792 7600 7503 11069 7630 15650 7639 7664 7656 7655 7673 7762 8686 7631 3600 10900 15762 10979 7711 7608 7558 7700 7625 7575 7586 3377 7633 0 16292 10985 14049 7615 7736 11023 7677 14088 7605 7691 3424 7727 7684 7586 7672 7766 7605 7749 11018 7742 7688 6755 19279 11131 7763 7664 7692 8293 7613 7633 11039 7587 7633 7700 6801 7623 7784 13082 3500 11116 4414 8179 7749 7691 4159 9212 7590 7642 8661 6891 7637 8788 7638 13674 7610 6384 19155 7678 7749 8992 7735 4742 7844 7842 7758 3383 8834 25532 6067 3544 11111 3547 10231 13219 10925 7770 20351 15351 3504 7775 11183 26220 4587 9085 9652 6921 16968 6841 11019 7752 8378 7705 8062 7890
7612-D11 9351 9436 9428 10291 14094 9485 13787 9462 9554 9374 9419 12785 9402 17254 9491 9472 9454 9457 9345 9514 10438 9389 13840 12698 17346 12707 9491 9372 9384 9438 9417 9329 9276 13699 9413 16292 0 12873 17055 9449 9480 12817 9477 16954 9355 9489 13696 9477 9404 9346 9450 9540 9407 9391 12746 9466 9450 16967 32913 12935 9623 9340 9522 13573 9305 9395 12893 9407 9391 9448 17045 9403 9618 21206 13806 12820 14654 8777 9451 9361 14371 19426 9318 9428 11723 17143 9483 11686 9396 15368 9502 16820 20941 9472 9489 19258 9579 15090 9594 9576 9458 13679 19066 18320 16345 13702 12853 13785 13949 19543 12739 9526 22079 17201 13738 9511 12911 13770 15995 12935 11366 17167 29260 17117 15519 9500 13626 9401 9804 9698
7612-D12 4208 4187 4089 4906 8885 4180 8418 4131 4175 4073 4106 732 4105 5231 4098 4187 4201 4148 4154 4203 5071 4106 8611 7431 12025 768 4182 4089 4089 4167 4202 4096 4133 8398 4244 10985 12873 0 4978 4158 4211 750 4324 4985 4188 4150 8449 4106 4085 4125 4151 4261 4220 4230 779 4205 4197 4930 27646 756 4280 4181 4221 8364 4248 4152 842 4094 4228 4115 5000 4124 4263 15905 8519 743 9433 4760 4226 4192 9080 7345 4135 4163 6406 4994 4122 6483 4171 3401 4127 11549 15614 4143 4250 13863 4250 9727 4175 4221 4225 8388 7001 23637 11052 8635 778 8500 8656 14442 7372 4221 16670 5042 8483 4244 834 22645 10762 7604 6157 5046 23851 5020 10258 4227 8391 4156 4511 4341
7612-D2 8454 8373 8407 9034 13049 8442 12734 8421 8383 8347 8320 5008 8453 5529 8396 8471 8389 8422 8388 8465 9313 8382 12757 10971 12347 4918 8424 8357 8421 8447 8362 8332 8347 12622 8456 14049 17055 4978 0 8412 8413 4988 8452 733 8348 8348 12601 8346 8345 8341 8451 8493 8416 8362 4909 8401 8463 9178 23380 5068 8606 8401 8447 12542 8394 8340 4892 8376 8422 8389 9230 8420 8513 20117 12709 4971 13573 8928 8470 8326 13432 11537 8345 8421 6096 9262 8334 6217 8399 3547 8397 11687 19852 8465 8408 18245 8420 13945 8435 8503 8455 12612 7309 27863 15308 12751 5054 12786 5706 18634 7678 8489 16962 5334 12667 8412 5024 26903 10384 11882 6455 9212 24241 9210 10552 8487 12603 8382 8671 8571
7612-D3 814 791 793 1570 5413 756 5030 743 845 659 706 4164 745 8617 768 687 747 748 700 783 1711 704 5135 3991 8673 4124 736 693 719 777 716 764 643 4902 776 7615 9449 4158 8412 0 779 4184 794 8477 800 694 4935 746 725 763 789 771 712 760 4169 787 801 8224 24174 4214 930 807 757 4892 718 736 4254 756 730 727 8392 724 831 12505 4961 4165 6003 1408 724 770 5638 10729 621 761 3120 8298 744 3071 723 6709 759 8109 12114 811 784 10457 886 6355 931 859 803 4984 10275 27025 7556 5093 4128 5060 5296 10902 4046 769 13242 8422 4971 816 4218 19265 7374 4194 2757 8478 20443 8354 6828 785 5061 782 1135 987
7612-D4 799 846 862 1575 5454 823 5041 754 834 674 809 4121 826 8622 803 800 840 749 773 792 1746 765 5208 4078 8764 4179 735 772 690 772 825 817 724 4955 771 7736 9480 4211 8413 779 0 4139 805 8400 775 739 4942 777 712 780 758 832 773 791 4166 782 732 8311 24317 4267 861 752 764 4869 817 797 4253 743 805 768 8463 773 844 12498 4994 4148 6000 1385 799 817 5693 10770 780 804 3117 8449 753 3068 788 6760 788 8172 12203 774 851 10522 817 6338 978 858 724 4981 10330 27000 7567 5088 4239 5049 5305 11001 3997 790 13313 8467 4972 865 4255 19312 7371 4245 2800 8451 20500 8479 6889 762 5056 779 1028 936
7612-D5 4204 4113 4191 4916 8839 4208 8516 4123 4257 4077 4098 698 4181 5247 4170 4183 4209 4170 4158 4175 5057 4116 8579 7495 12037 692 4146 4119 4045 4169 4146 4096 4067 8398 4098 11023 12817 750 4988 4184 4139 0 4210 4939 4066 4196 8303 4118 4121 4095 4163 4219 4134 4152 687 4265 4165 4854 27676 738 4354 4131 4179 8292 4170 4116 830 4074 4150 4159 4994 4130 4233 15879 8437 717 9373 4706 4176 4090 9104 7309 4079 4055 6440 4952 4134 6429 4071 3383 4179 11539 15628 4203 4202 13893 4210 9765 4159 4273 4067 8382 6993 23601 10986 8473 792 8502 8692 14394 7436 4225 16708 5048 8373 4240 836 22597 10762 7610 6117 5044 23953 5054 10292 4261 8375 4162 4489 4319
7612-D6 796 937 873 1682 5501 840 5158 853 951 813 836 4204 817 8711 882 815 797 828 846 901 1763 844 5161 4167 8785 4132 830 831 793 891 724 820 697 5026 730 7677 9477 4324 8452 794 805 4210 0 8457 848 832 4983 878 847 771 795 875 784 824 4233 909 867 8324 24240 4314 970 851 955 4882 816 808 4296 750 792 875 8474 794 925 12535 5083 4299 5991 1462 836 768 5716 10789 725 817 3176 8526 856 3077 803 6803 873 8127 12328 939 886 10609 920 6369 1001 919 899 5008 10399 27061 7694 5171 4324 5188 5374 10924 4122 909 13440 8622 5123 860 4306 19409 7370 4320 2825 8578 20575 8474 6904 891 5151 856 1231 1091
7612-D7 8453 8382 8394 9017 13062 8451 12765 8382 8426 8352 8399 5015 8434 5454 8439 8416 8396 8397 8289 8382 9390 8393 12816 11016 12128 4953 8385 8398 8408 8394 8405 8357 8332 12655 8409 14088 16954 4985 733 8477 8400 4939 8457 0 8295 8449 12684 8339 8350 8338 8446 8474 8397 8421 4926 8488 8406 9183 23475 5107 8529 8376 8444 12507 8405 8315 4913 8345 8393 8348 9227 8323 8512 20172 12722 5016 13638 8933 8437 8257 13457 11596 8344 8324 6099 9373 8313 6222 8394 3636 8446 11738 19849 8486 8441 18274 8419 13992 8472 8522 8402 12629 7340 27840 15261 12722 5057 12761 5733 18517 7627 8510 16951 5353 12702 8493 5055 26914 10459 11925 6430 9307 24214 9331 10627 8490 12558 8311 8710 8550
7612-D8 774 747 797 1614 5473 802 5174 787 841 659 712 4090 735 8573 786 811 789 726 720 791 1745 754 5179 4101 8755 4152 794 743 687 791 796 668 653 4996 696 7605 9355 4188 8348 800 775 4066 848 8295 0 786 4947 816 709 667 715 805 824 714 4069 795 807 8326 24230 4220 962 681 811 4896 732 758 4202 736 772 743 8452 770 839 12477 5045 4071 5995 1296 786 656 5698 10747 711 691 3002 8388 726 3041 679 6759 797 8111 12260 803 814 10513 792 6377 925 893 789 4960 10437 27071 7594 5141 4218 5106 5258 10992 4020 861 13350 8458 5025 836 4244 19307 7358 4236 2669 8500 20519 8484 6852 859 4999 690 1103 951
7612-D9 738 789 803 1466 5479 738 5040 809 789 699 764 4118 773 8643 714 757 799 754 776 781 1709 724 5081 4079 8717 4166 786 775 725 839 776 752 711 4852 786 7691 9489 4150 8348 694 739 4196 832 8449 786 0 4987 754 697 737 781 777 748 736 4165 721 807 8374 24206 4188 990 763 759 4918 818 752 4250 708 780 737 8484 712 869 12377 5021 4133 5959 1404 742 758 5616 10725 699 813 3072 8346 744 3061 819 6741 683 8175 12104 781 844 10447 822 6255 961 867 851 4974 10315 27027 7622 5147 4156 5082 5332 10932 4024 867 13234 8420 5015 856 4254 19243 7350 4234 2857 8398 20499 8414 6864 781 5073 708 1105 915
7612-E11 4989 4992 5038 5667 1232 5041 893 5016 5082 4920 4973 8331 5012 12896 4933 5018 4992 5019 4987 5040 5922 4977 882 8366 13018 8361 4877 4964 4930 5032 4917 4933 4916 733 4947 3424 13696 8449 12601 4935 4942 8303 4983 12684 4947 4987 0 4985 4936 5002 4974 5084 4961 4999 8370 5026 5032 3967 20017 8397 5069 5006 4984 5625 4941 4981 8473 4947 5031 4948 4133 4947 5054 10458 748 8344 1732 5541 5003 4981 1401 6482 4900 5008 7337 4127 4947 7244 4952 10994 4972 3902 16411 5082 5035 6250 5133 2138 5152 5088 4964 745 6088 22724 3373 858 8427 863 9549 12805 8245 5070 17571 12657 768 5045 8463 23460 3199 8435 6990 4217 16296 4189 10453 5072 5746 5037 5332 5124
7612-E12 818 765 693 1508 5367 786 5106 783 753 717 754 4160 711 8511 780 789 799 770 722 705 1605 634 5121 4029 8637 4132 780 699 733 727 782 750 711 4974 812 7727 9477 4106 8346 746 777 4118 878 8339 816 754 4985 0 711 823 815 753 800 816 4131 797 787 8286 24226 4112 910 739 847 4956 842 792 4228 732 792 773 8438 724 839 12477 5069 4117 6013 1380 758 762 5680 10683 765 813 3060 8362 698 3023 805 6737 779 8061 12212 805 848 10493 772 6331 969 859 905 4934 10263 26987 7598 5051 4108 5120 5314 10972 4008 769 13240 8406 4991 810 4126 19257 7298 4166 2747 8332 20361 8410 6774 737 5055 752 1059 843
7612-E2 773 722 766 1525 5392 785 5077 684 782 660 735 4109 720 8568 731 780 788 741 669 806 1692 673 5200 4022 8636 4133 775 594 698 778 803 701 650 4921 755 7684 9404 4085 8345 725 712 4121 847 8350 709 697 4936 711 0 752 768 806 793 761 4104 768 794 8275 24297 4167 881 714 742 4885 741 759 4155 705 751 740 8449 787 852 12542 5074 4072 5988 1319 767 677 5651 10702 704 732 3123 8373 721 3042 782 6752 792 8104 12213 766 787 10452 839 6306 908 824 800 4943 10346 27008 7593 5138 4135 5083 5295 11013 3961 810 13351 8427 5070 845 4209 19262 7367 4229 2742 8437 20526 8427 6843 806 5046 681 1068 904
7612-E3 771 840 760 1599 5430 811 5049 752 820 668 667 4113 700 8618 765 774 732 723 669 770 1710 781 5172 4034 8752 4029 833 808 660 810 715 663 612 4921 731 7586 9346 4125 8341 763 780 4095 771 8338 667 737 5002 823 752 0 734 866 783 709 4128 844 748 8321 24207 4231 999 734 850 4959 765 755 4207 771 729 750 8389 759 900 12484 5054 4144 6012 1251 793 727 5771 10760 692 742 3015 8419 751 3024 788 6768 820 8110 12259 744 823 10558 831 6322 884 848 826 4923 10386 27070 7635 5198 4179 5075 5253 10987 4075 834 13321 8451 5064 857 4239 19316 7287 4243 2782 8449 20492 8377 6819 838 4984 713 1120 972
7612-E4 813 880 836 1631 5530 805 5047 702 848 686 789 4093 738 8692 813 758 816 763 765 776 1698 773 5220 4164 8810 4193 803 742 732 788 789 829 684 4993 747 7672 9450 4151 8451 789 758 4163 795 8446 715 781 4974 815 768 734 0 854 797 811 4186 758 766 8325 24351 4273 889 692 786 4925 843 813 4205 761 793 764 8427 781 816 12558 5022 4148 6060 1287 835 773 5587 10780 716 764 3127 8415 705 3090 740 6802 830 8160 12281 846 871 10528 865 6376 970 888 786 4937 10328 26978 7509 5116 4187 5045 5245 10977 4051 782 13357 8521 5054 817 4265 19280 7379 4207 2716 8507 20452 8463 6815 782 5054 723 1068 1002
7612-E5 831 806 820 1535 5544 889 5197 804 848 778 823 4227 768 8602 801 810 840 883 849 866 1718 757 5146 4154 8698 4207 765 804 810 838 823 861 782 5069 831 7766 9540 4261 8493 771 832 4219 875 8474 805 777 5084 753 806 866 854 0 877 855 4230 798 886 8413 24251 4261 969 812 844 5025 891 769 4351 809 841 748 8471 765 840 12514 5088 4264 6142 1445 703 853 5747 10850 782 836 3145 8465 845 3068 836 6784 854 8184 12179 838 913 10514 885 6410 1124 970 842 5071 10314 27100 7687 5170 4275 5179 5337 11007 4107 880 13245 8483 5028 821 4333 19388 7413 4195 2740 8505 20472 8503 6937 864 5082 837 1112 1022
7612-E6 744 919 827 1600 5385 838 5134 797 937 765 778 4118 763 8665 802 831 785 852 742 887 1745 760 5065 4011 8809 4098 688 731 773 787 700 628 677 4982 768 7605 9407 4220 8416 712 773 4134 784 8397 824 748 4961 800 793 783 797 877 0 818 4105 835 767 8264 24124 4220 916 819 847 4824 706 708 4294 690 746 815 8356 686 843 12515 5109 4177 5945 1380 752 796 5694 10713 717 801 3080 8396 762 2991 761 6667 777 8133 12208 847 804 10567 892 6365 969 847 763 5066 10305 27033 7642 5095 4232 5180 5340 10908 4124 803 13366 8452 5013 888 4224 19425 7336 4234 2737 8438 20575 8440 6876 841 5035 798 1139 1001
7612-E7 778 835 837 1612 5513 832 5142 803 811 707 810 4108 863 8641 776 803 765 828 748 835 1659 788 5193 4111 8701 4140 804 765 739 823 782 726 697 4944 760 7749 9391 4230 8362 760 791 4152 824 8421 714 736 4999 816 761 709 811 855 818 0 4211 825 777 8370 24326 4262 1000 813 781 4930 736 774 4250 768 848 793 8486 812 893 12557 5039 4129 6011 1378 778 712 5746 10751 699 769 3128 8442 826 3007 769 6743 841 8151 12228 837 738 10545 846 6439 935 853 743 5014 10359 27011 7658 5085 4252 5106 5306 11040 4004 897 13360 8482 5055 872 4242 19287 7376 4208 2727 8494 20535 8432 6892 845 5107 708 1093 1013
7612-E8 4203 4230 4182 5021 8830 4217 8571 4142 4238 4110 4073 743 4172 5226 4203 4268 4164 4159 4051 4152 5148 4115 8548 7452 12062 647 4113 4086 4146 4220 4165 4085 4074 8421 4157 11018 12746 779 4909 4169 4166 687 4233 4926 4069 4165 8370 4131 4104 4128 4186 4230 4105 4211 0 4208 4190 4909 27611 839 4281 4100 4278 8319 4083 4125 757 4173 4163 4200 4993 4139 4304 15856 8524 666 9386 4721 4151 4077 9131 7370 4074 4122 6423 4949 4139 6410 4118 3328 4142 11484 15597 4230 4235 13932 4255 9722 4232 4280 4154 8413 7002 23722 11069 8580 799 8589 8745 14367 7463 4246 16711 5053 8492 4265 847 22734 10731 7687 6054 5075 23956 5057 10339 4274 8392 4139 4566 4376
7612-E9 871 836 876 1663 5488 815 5179 744 870 730 843 4203 828 8694 853 792 832 809 799 850 1752 769 5202 4114 8752 4247 881 772 810 820 857 835 794 4993 797 7742 9466 4205 8401 787 782 4265 909 8488 795 721 5026 797 768 844 758 798 835 825 4208 0 886 8399 24301 4215 905 792 802 4949 861 839 4263 849 845 798 8559 819 874 12550 5060 4190 6084 1405 833 817 5657 10820 700 852 3127 8399 815 3108 844 6712 792 8204 12229 826 907 10460 877 6404 994 908 874 4995 10342 27050 7631 5162 4167 5131 5415 11087 4103 872 13251 8517 4972 847 4305 19320 7409 4211 2774 8433 20432 8463 6919 842 5052 815 1100 976
7612-F1 811 900 876 1603 5518 849 5083 814 874 742 821 4155 858 8714 789 848 828 771 783 778 1728 721 5166 4110 8756 4133 787 788 754 726 769 751 784 4991 777 7688 9450 4197 8463 801 732 4165 867 8406 807 807 5032 787 794 748 766 886 767 777 4190 886 0 8327 24291 4303 971 758 816 4969 801 867 4311 817 851 836 8479 801 914 12582 5050 4230 6024 1363 843 775 5681 10726 764 794 3095 8455 779 3070 770 6772 846 8136 12213 886 873 10548 895 6352 956 906 854 4993 10320 27038 7595 5134 4215 5061 5361 10927 4057 854 13405 8533 5004 915 4225 19340 7349 4251 2778 8509 20448 8451 6853 754 5116 785 1086 970
7612-F10 8350 8323 8295 9022 4569 8336 4204 8335 8383 8219 8298 4916 8329 9451 8330 8313 8323 8320 8298 8387 9255 8206 4263 11637 16163 4830 8316 8239 8271 8365 8274 8302 8197 4078 8290 6755 16967 4930 9178 8224 8311 4854 8324 9183 8326 8374 3967 8286 8275 8321 8325 8413 8264 8370 4909 8399 8327 0 23388 4934 8502 8291 8399 8966 8360 8352 4946 8278 8288 8327 648 8284 8443 13789 4091 4859 5087 8890 8312 8274 4754 2999 8263 8293 10676 618 8300 10625 8269 7557 8237 7229 19760 8359 8406 9553 8440 5457 8291 8417 8299 4060 2647 19261 6628 4217 4916 4154 12828 16072 11628 8345 20854 9190 4153 8362 4986 26807 6506 11806 10333 770 19563 638 13750 8375 9061 8340 8677 8507
7612-F11 24260 24259 24263 24560 20337 24298 20152 24281 24331 24191 24096 27672 24159 28225 24226 24329 24251 24254 24174 24259 25193 24150 19941 20815 28277 27604 24194 24257 24207 24303 24206 24146 24165 19982 24268 19279 32913 27646 23380 24174 24317 27676 24240 23475 24230 24206 20017 24226 24297 24207 24351 24251 24124 24326 27611 24301 24291 23388 0 27658 24356 24255 24309 24808 24238 24218 27726 24190 24188 24239 23318 24146 24369 25055 20067 27739 19669 24818 24374 24210 20778 22253 24157 24233 21972 23388 24216 22089 24297 26081 24127 18783 27432 24301 24310 24933 24250 21183 24355 24199 24299 20012 21415 42105 22630 20169 27710 20140 21556 14764 23482 24273 28302 23360 20007 24302 27678 32363 17752 20866 22305 23438 31479 23360 23344 24245 24867 24248 24513 24313
7612-F12 4246 4161 4165 4840 8833 4246 8512 4235 4149 4137 4212 718 4113 5225 4194 4309 4265 4304 4200 4275 5057 4176 8503 7477 11977 850 4158 4175 4157 4245 4234 4172 4165 8364 4252 11131 12935 756 5068 4214 4267 738 4314 5107 4220 4188 8397 4112 4167 4231 4273 4261 4220 4262 839 4215 4303 4934 27658 0 4422 4209 4259 8412 4284 4218 928 4144 4178 4221 5034 4138 4253 15861 8503 737 9421 4790 4184 4182 9042 7329 4199 4147 6538 4932 4212 6539 4263 3429 4189 11529 15548 4221 4288 13843 4220 9789 4227 4287 4239 8428 6919 23599 11038 8547 754 8550 8756 14478 7488 4231 16654 5062 8447 4266 942 22681 10734 7682 6193 4942 23815 4940 10258 4237 8455 4208 4489 4275
7612-F2 1010 955 949 1758 5653 1008 5230 885 1005 915 884 4272 939 8781 918 937 923 926 900 971 1815 832 5387 4237 8829 4326 934 831 891 915 974 870 931 5192 908 7763 9623 4280 8606 930 861 4354 970 8529 962 990 5069 910 881 999 889 969 916 1000 4281 905 971 8502 24356 4422 0 969 951 5024 940 904 4448 906 950 903 8584 860 1047 12671 5171 4341 6165 1516 920 958 5824 10983 883 927 3198 8562 860 3205 969 6889 943 8241 12302 925 1022 10691 982 6519 1135 983 995 5184 10463 27135 7782 5283 4304 5278 5450 11104 4146 935 13464 8604 5155 1006 4378 19529 7480 4306 2839 8608 20539 8656 6964 893 5205 934 1223 1061
